,Mediciónes,Tiempo,Tiempo de integración [ms],Polarizacion grande,Polarizacion chica,Resistencia,Voltaje disco
0,0.0008,-2.5e-05,0.005,46,0,50,3.6
1,0.0,-2.498e-05,0.005,46,0,50,3.6
2,0.0004,-2.496e-05,0.005,46,0,50,3.6
3,0.0012000000000000001,-2.4940000000000002e-05,0.005,46,0,50,3.6
4,0.0004,-2.4920000000000002e-05,0.005,46,0,50,3.6
5,0.0004,-2.4900000000000002e-05,0.005,46,0,50,3.6
6,0.0012000000000000001,-2.4880000000000002e-05,0.005,46,0,50,3.6
7,0.002,-2.4860000000000003e-05,0.005,46,0,50,3.6
8,0.0012000000000000001,-2.4840000000000003e-05,0.005,46,0,50,3.6
9,0.0004,-2.482e-05,0.005,46,0,50,3.6
10,0.0004,-2.48e-05,0.005,46,0,50,3.6
11,0.0016,-2.478e-05,0.005,46,0,50,3.6
12,0.0016,-2.476e-05,0.005,46,0,50,3.6
13,0.0008,-2.474e-05,0.005,46,0,50,3.6
14,0.0,-2.472e-05,0.005,46,0,50,3.6
15,0.0012000000000000001,-2.47e-05,0.005,46,0,50,3.6
16,0.0024000000000000002,-2.468e-05,0.005,46,0,50,3.6
17,0.0008,-2.466e-05,0.005,46,0,50,3.6
18,0.0008,-2.464e-05,0.005,46,0,50,3.6
19,0.0004,-2.462e-05,0.005,46,0,50,3.6
20,0.0,-2.46e-05,0.005,46,0,50,3.6
21,0.0004,-2.4580000000000002e-05,0.005,46,0,50,3.6
22,0.0004,-2.4560000000000002e-05,0.005,46,0,50,3.6
23,0.0016,-2.4540000000000002e-05,0.005,46,0,50,3.6
24,0.0004,-2.4520000000000002e-05,0.005,46,0,50,3.6
25,0.0008,-2.4500000000000003e-05,0.005,46,0,50,3.6
26,0.0,-2.4480000000000003e-05,0.005,46,0,50,3.6
27,0.0008,-2.446e-05,0.005,46,0,50,3.6
28,0.0,-2.444e-05,0.005,46,0,50,3.6
29,0.0004,-2.442e-05,0.005,46,0,50,3.6
30,-0.0008,-2.44e-05,0.005,46,0,50,3.6
31,0.0,-2.438e-05,0.005,46,0,50,3.6
32,0.0,-2.436e-05,0.005,46,0,50,3.6
33,0.0004,-2.434e-05,0.005,46,0,50,3.6
34,0.0,-2.432e-05,0.005,46,0,50,3.6
35,-0.0004,-2.43e-05,0.005,46,0,50,3.6
36,0.0,-2.428e-05,0.005,46,0,50,3.6
37,0.0004,-2.426e-05,0.005,46,0,50,3.6
38,0.0004,-2.4240000000000002e-05,0.005,46,0,50,3.6
39,0.0004,-2.4220000000000002e-05,0.005,46,0,50,3.6
40,0.0012000000000000001,-2.4200000000000002e-05,0.005,46,0,50,3.6
41,0.0,-2.4180000000000002e-05,0.005,46,0,50,3.6
42,0.0008,-2.4160000000000002e-05,0.005,46,0,50,3.6
43,0.0008,-2.4140000000000003e-05,0.005,46,0,50,3.6
44,0.0016,-2.412e-05,0.005,46,0,50,3.6
45,0.0008,-2.41e-05,0.005,46,0,50,3.6
46,0.0004,-2.408e-05,0.005,46,0,50,3.6
47,0.0008,-2.406e-05,0.005,46,0,50,3.6
48,0.0012000000000000001,-2.404e-05,0.005,46,0,50,3.6
49,0.002,-2.402e-05,0.005,46,0,50,3.6
50,0.0016,-2.4e-05,0.005,46,0,50,3.6
51,0.0,-2.398e-05,0.005,46,0,50,3.6
52,0.0008,-2.396e-05,0.005,46,0,50,3.6
53,0.002,-2.394e-05,0.005,46,0,50,3.6
54,0.0016,-2.392e-05,0.005,46,0,50,3.6
55,0.0004,-2.39e-05,0.005,46,0,50,3.6
56,0.0,-2.3880000000000002e-05,0.005,46,0,50,3.6
57,0.0,-2.3860000000000002e-05,0.005,46,0,50,3.6
58,0.0004,-2.3840000000000002e-05,0.005,46,0,50,3.6
59,0.002,-2.3820000000000002e-05,0.005,46,0,50,3.6
60,0.0008,-2.3800000000000003e-05,0.005,46,0,50,3.6
61,0.0008,-2.3780000000000003e-05,0.005,46,0,50,3.6
62,0.0004,-2.3760000000000003e-05,0.005,46,0,50,3.6
63,0.0012000000000000001,-2.374e-05,0.005,46,0,50,3.6
64,0.0008,-2.372e-05,0.005,46,0,50,3.6
65,0.0012000000000000001,-2.37e-05,0.005,46,0,50,3.6
66,-0.0004,-2.368e-05,0.005,46,0,50,3.6
67,-0.0008,-2.366e-05,0.005,46,0,50,3.6
68,0.0,-2.364e-05,0.005,46,0,50,3.6
69,0.0012000000000000001,-2.362e-05,0.005,46,0,50,3.6
70,0.0008,-2.36e-05,0.005,46,0,50,3.6
71,0.0,-2.358e-05,0.005,46,0,50,3.6
72,0.0008,-2.356e-05,0.005,46,0,50,3.6
73,0.0016,-2.354e-05,0.005,46,0,50,3.6
74,0.0016,-2.3520000000000002e-05,0.005,46,0,50,3.6
75,0.0012000000000000001,-2.3500000000000002e-05,0.005,46,0,50,3.6
76,0.0004,-2.3480000000000002e-05,0.005,46,0,50,3.6
77,-0.0004,-2.3460000000000002e-05,0.005,46,0,50,3.6
78,0.0012000000000000001,-2.3440000000000003e-05,0.005,46,0,50,3.6
79,0.0004,-2.3420000000000003e-05,0.005,46,0,50,3.6
80,0.0,-2.34e-05,0.005,46,0,50,3.6
81,-0.0004,-2.338e-05,0.005,46,0,50,3.6
82,-0.0004,-2.336e-05,0.005,46,0,50,3.6
83,0.0004,-2.334e-05,0.005,46,0,50,3.6
84,0.0012000000000000001,-2.332e-05,0.005,46,0,50,3.6
85,0.0004,-2.33e-05,0.005,46,0,50,3.6
86,0.0008,-2.328e-05,0.005,46,0,50,3.6
87,-0.0004,-2.326e-05,0.005,46,0,50,3.6
88,0.0,-2.324e-05,0.005,46,0,50,3.6
89,0.0012000000000000001,-2.322e-05,0.005,46,0,50,3.6
90,0.0016,-2.32e-05,0.005,46,0,50,3.6
91,0.0008,-2.318e-05,0.005,46,0,50,3.6
92,0.0008,-2.3160000000000002e-05,0.005,46,0,50,3.6
93,0.0008,-2.3140000000000002e-05,0.005,46,0,50,3.6
94,0.0016,-2.3120000000000002e-05,0.005,46,0,50,3.6
95,0.0012000000000000001,-2.3100000000000002e-05,0.005,46,0,50,3.6
96,0.0,-2.3080000000000003e-05,0.005,46,0,50,3.6
97,0.0,-2.306e-05,0.005,46,0,50,3.6
98,0.0004,-2.3040000000000003e-05,0.005,46,0,50,3.6
99,0.0008,-2.302e-05,0.005,46,0,50,3.6
100,0.0,-2.3e-05,0.005,46,0,50,3.6
101,0.0004,-2.298e-05,0.005,46,0,50,3.6
102,0.0008,-2.296e-05,0.005,46,0,50,3.6
103,0.0,-2.294e-05,0.005,46,0,50,3.6
104,0.0012000000000000001,-2.292e-05,0.005,46,0,50,3.6
105,0.0008,-2.29e-05,0.005,46,0,50,3.6
106,0.0016,-2.288e-05,0.005,46,0,50,3.6
107,0.0004,-2.286e-05,0.005,46,0,50,3.6
108,0.0004,-2.284e-05,0.005,46,0,50,3.6
109,0.0012000000000000001,-2.2820000000000002e-05,0.005,46,0,50,3.6
110,0.0024000000000000002,-2.2800000000000002e-05,0.005,46,0,50,3.6
111,0.0024000000000000002,-2.2780000000000002e-05,0.005,46,0,50,3.6
112,0.0004,-2.2760000000000002e-05,0.005,46,0,50,3.6
113,0.0004,-2.2740000000000003e-05,0.005,46,0,50,3.6
114,0.0016,-2.272e-05,0.005,46,0,50,3.6
115,0.0012000000000000001,-2.2700000000000003e-05,0.005,46,0,50,3.6
116,0.0012000000000000001,-2.268e-05,0.005,46,0,50,3.6
117,0.0,-2.266e-05,0.005,46,0,50,3.6
118,0.0004,-2.264e-05,0.005,46,0,50,3.6
119,0.0008,-2.262e-05,0.005,46,0,50,3.6
120,0.0012000000000000001,-2.26e-05,0.005,46,0,50,3.6
121,0.0008,-2.258e-05,0.005,46,0,50,3.6
122,0.0008,-2.256e-05,0.005,46,0,50,3.6
123,0.0008,-2.254e-05,0.005,46,0,50,3.6
124,0.0012000000000000001,-2.252e-05,0.005,46,0,50,3.6
125,0.0004,-2.25e-05,0.005,46,0,50,3.6
126,0.0016,-2.248e-05,0.005,46,0,50,3.6
127,0.0004,-2.2460000000000002e-05,0.005,46,0,50,3.6
128,0.0004,-2.2440000000000002e-05,0.005,46,0,50,3.6
129,0.0,-2.2420000000000002e-05,0.005,46,0,50,3.6
130,0.0016,-2.2400000000000002e-05,0.005,46,0,50,3.6
131,0.0016,-2.2380000000000003e-05,0.005,46,0,50,3.6
132,0.0008,-2.2360000000000003e-05,0.005,46,0,50,3.6
133,0.0,-2.234e-05,0.005,46,0,50,3.6
134,0.0,-2.232e-05,0.005,46,0,50,3.6
135,0.0,-2.23e-05,0.005,46,0,50,3.6
136,0.0008,-2.228e-05,0.005,46,0,50,3.6
137,-0.0004,-2.226e-05,0.005,46,0,50,3.6
138,0.0004,-2.224e-05,0.005,46,0,50,3.6
139,0.0012000000000000001,-2.222e-05,0.005,46,0,50,3.6
140,0.0012000000000000001,-2.22e-05,0.005,46,0,50,3.6
141,0.0,-2.218e-05,0.005,46,0,50,3.6
142,0.0008,-2.216e-05,0.005,46,0,50,3.6
143,0.0004,-2.214e-05,0.005,46,0,50,3.6
144,0.0008,-2.212e-05,0.005,46,0,50,3.6
145,0.0008,-2.2100000000000002e-05,0.005,46,0,50,3.6
146,-0.0004,-2.2080000000000002e-05,0.005,46,0,50,3.6
147,0.0008,-2.2060000000000002e-05,0.005,46,0,50,3.6
148,0.0,-2.2040000000000002e-05,0.005,46,0,50,3.6
149,0.0,-2.2020000000000003e-05,0.005,46,0,50,3.6
150,-0.0008,-2.2e-05,0.005,46,0,50,3.6
151,0.0004,-2.1980000000000003e-05,0.005,46,0,50,3.6
152,0.0008,-2.196e-05,0.005,46,0,50,3.6
153,0.0008,-2.194e-05,0.005,46,0,50,3.6
154,0.0004,-2.192e-05,0.005,46,0,50,3.6
155,0.0008,-2.19e-05,0.005,46,0,50,3.6
156,0.0016,-2.188e-05,0.005,46,0,50,3.6
157,0.0008,-2.186e-05,0.005,46,0,50,3.6
158,0.0004,-2.184e-05,0.005,46,0,50,3.6
159,0.0004,-2.182e-05,0.005,46,0,50,3.6
160,0.0004,-2.18e-05,0.005,46,0,50,3.6
161,0.0012000000000000001,-2.178e-05,0.005,46,0,50,3.6
162,0.0012000000000000001,-2.1760000000000002e-05,0.005,46,0,50,3.6
163,0.0008,-2.1740000000000002e-05,0.005,46,0,50,3.6
164,0.0004,-2.1720000000000002e-05,0.005,46,0,50,3.6
165,0.0,-2.1700000000000002e-05,0.005,46,0,50,3.6
166,0.0004,-2.1680000000000002e-05,0.005,46,0,50,3.6
167,0.0012000000000000001,-2.166e-05,0.005,46,0,50,3.6
168,0.0004,-2.1640000000000003e-05,0.005,46,0,50,3.6
169,0.0008,-2.162e-05,0.005,46,0,50,3.6
170,0.0008,-2.16e-05,0.005,46,0,50,3.6
171,0.0008,-2.158e-05,0.005,46,0,50,3.6
172,0.0028,-2.156e-05,0.005,46,0,50,3.6
173,0.0016,-2.154e-05,0.005,46,0,50,3.6
174,0.0004,-2.152e-05,0.005,46,0,50,3.6
175,-0.0008,-2.15e-05,0.005,46,0,50,3.6
176,0.0008,-2.148e-05,0.005,46,0,50,3.6
177,0.0016,-2.146e-05,0.005,46,0,50,3.6
178,0.0008,-2.144e-05,0.005,46,0,50,3.6
179,-0.0008,-2.142e-05,0.005,46,0,50,3.6
180,0.0008,-2.1400000000000002e-05,0.005,46,0,50,3.6
181,0.0012000000000000001,-2.1380000000000002e-05,0.005,46,0,50,3.6
182,0.0016,-2.1360000000000002e-05,0.005,46,0,50,3.6
183,-0.0004,-2.1340000000000002e-05,0.005,46,0,50,3.6
184,0.0004,-2.1320000000000003e-05,0.005,46,0,50,3.6
185,-0.0004,-2.1300000000000003e-05,0.005,46,0,50,3.6
186,0.0004,-2.128e-05,0.005,46,0,50,3.6
187,0.0,-2.126e-05,0.005,46,0,50,3.6
188,0.0008,-2.124e-05,0.005,46,0,50,3.6
189,0.0008,-2.122e-05,0.005,46,0,50,3.6
190,0.0004,-2.12e-05,0.005,46,0,50,3.6
191,0.0008,-2.118e-05,0.005,46,0,50,3.6
192,0.0012000000000000001,-2.116e-05,0.005,46,0,50,3.6
193,0.0008,-2.114e-05,0.005,46,0,50,3.6
194,-0.0004,-2.112e-05,0.005,46,0,50,3.6
195,0.0,-2.11e-05,0.005,46,0,50,3.6
196,0.0008,-2.108e-05,0.005,46,0,50,3.6
197,0.0012000000000000001,-2.106e-05,0.005,46,0,50,3.6
198,0.0004,-2.1040000000000002e-05,0.005,46,0,50,3.6
199,-0.0004,-2.1020000000000002e-05,0.005,46,0,50,3.6
200,0.0004,-2.1000000000000002e-05,0.005,46,0,50,3.6
201,0.0012000000000000001,-2.098e-05,0.005,46,0,50,3.6
202,0.0012000000000000001,-2.0960000000000003e-05,0.005,46,0,50,3.6
203,0.0012000000000000001,-2.094e-05,0.005,46,0,50,3.6
204,0.0008,-2.0920000000000003e-05,0.005,46,0,50,3.6
205,0.0004,-2.09e-05,0.005,46,0,50,3.6
206,0.0016,-2.088e-05,0.005,46,0,50,3.6
207,0.0008,-2.086e-05,0.005,46,0,50,3.6
208,0.0008,-2.084e-05,0.005,46,0,50,3.6
209,0.0012000000000000001,-2.082e-05,0.005,46,0,50,3.6
210,0.002,-2.08e-05,0.005,46,0,50,3.6
211,0.0008,-2.078e-05,0.005,46,0,50,3.6
212,0.0004,-2.076e-05,0.005,46,0,50,3.6
213,0.002,-2.074e-05,0.005,46,0,50,3.6
214,0.0012000000000000001,-2.072e-05,0.005,46,0,50,3.6
215,0.0,-2.0700000000000002e-05,0.005,46,0,50,3.6
216,0.0,-2.0680000000000002e-05,0.005,46,0,50,3.6
217,0.0012000000000000001,-2.0660000000000002e-05,0.005,46,0,50,3.6
218,0.0016,-2.0640000000000002e-05,0.005,46,0,50,3.6
219,0.0016,-2.0620000000000002e-05,0.005,46,0,50,3.6
220,0.0008,-2.06e-05,0.005,46,0,50,3.6
221,0.0004,-2.0580000000000003e-05,0.005,46,0,50,3.6
222,0.0012000000000000001,-2.056e-05,0.005,46,0,50,3.6
223,0.0016,-2.054e-05,0.005,46,0,50,3.6
224,0.0012000000000000001,-2.052e-05,0.005,46,0,50,3.6
225,0.0012000000000000001,-2.05e-05,0.005,46,0,50,3.6
226,0.0016,-2.048e-05,0.005,46,0,50,3.6
227,0.0012000000000000001,-2.046e-05,0.005,46,0,50,3.6
228,0.0012000000000000001,-2.044e-05,0.005,46,0,50,3.6
229,0.0012000000000000001,-2.042e-05,0.005,46,0,50,3.6
230,0.0016,-2.04e-05,0.005,46,0,50,3.6
231,0.0016,-2.038e-05,0.005,46,0,50,3.6
232,0.0004,-2.036e-05,0.005,46,0,50,3.6
233,0.0008,-2.0340000000000002e-05,0.005,46,0,50,3.6
234,0.0012000000000000001,-2.0320000000000002e-05,0.005,46,0,50,3.6
235,0.0008,-2.0300000000000002e-05,0.005,46,0,50,3.6
236,0.0,-2.0280000000000002e-05,0.005,46,0,50,3.6
237,0.0004,-2.026e-05,0.005,46,0,50,3.6
238,0.0012000000000000001,-2.0240000000000003e-05,0.005,46,0,50,3.6
239,0.0008,-2.022e-05,0.005,46,0,50,3.6
240,0.0,-2.0200000000000003e-05,0.005,46,0,50,3.6
241,0.0,-2.018e-05,0.005,46,0,50,3.6
242,0.0016,-2.016e-05,0.005,46,0,50,3.6
243,0.0012000000000000001,-2.014e-05,0.005,46,0,50,3.6
244,0.0004,-2.012e-05,0.005,46,0,50,3.6
245,0.0,-2.01e-05,0.005,46,0,50,3.6
246,0.0008,-2.008e-05,0.005,46,0,50,3.6
247,0.0,-2.006e-05,0.005,46,0,50,3.6
248,0.0012000000000000001,-2.004e-05,0.005,46,0,50,3.6
249,-0.0004,-2.002e-05,0.005,46,0,50,3.6
250,0.0004,-2e-05,0.005,46,0,50,3.6
251,0.0008,-1.9980000000000002e-05,0.005,46,0,50,3.6
252,0.0016,-1.9960000000000002e-05,0.005,46,0,50,3.6
253,0.0016,-1.9940000000000002e-05,0.005,46,0,50,3.6
254,0.0012000000000000001,-1.992e-05,0.005,46,0,50,3.6
255,0.0012000000000000001,-1.9900000000000003e-05,0.005,46,0,50,3.6
256,0.0008,-1.988e-05,0.005,46,0,50,3.6
257,0.0012000000000000001,-1.9860000000000003e-05,0.005,46,0,50,3.6
258,0.0008,-1.984e-05,0.005,46,0,50,3.6
259,0.0016,-1.982e-05,0.005,46,0,50,3.6
260,0.002,-1.98e-05,0.005,46,0,50,3.6
261,0.0004,-1.978e-05,0.005,46,0,50,3.6
262,0.0008,-1.976e-05,0.005,46,0,50,3.6
263,0.0024000000000000002,-1.974e-05,0.005,46,0,50,3.6
264,0.002,-1.972e-05,0.005,46,0,50,3.6
265,0.0004,-1.97e-05,0.005,46,0,50,3.6
266,0.0004,-1.968e-05,0.005,46,0,50,3.6
267,0.0016,-1.966e-05,0.005,46,0,50,3.6
268,0.0016,-1.9640000000000002e-05,0.005,46,0,50,3.6
269,0.0016,-1.9620000000000002e-05,0.005,46,0,50,3.6
270,0.0016,-1.9600000000000002e-05,0.005,46,0,50,3.6
271,0.002,-1.9580000000000002e-05,0.005,46,0,50,3.6
272,0.0016,-1.9560000000000002e-05,0.005,46,0,50,3.6
273,0.0012000000000000001,-1.954e-05,0.005,46,0,50,3.6
274,0.0016,-1.9520000000000003e-05,0.005,46,0,50,3.6
275,0.0012000000000000001,-1.95e-05,0.005,46,0,50,3.6
276,0.0012000000000000001,-1.948e-05,0.005,46,0,50,3.6
277,0.0008,-1.946e-05,0.005,46,0,50,3.6
278,0.0008,-1.944e-05,0.005,46,0,50,3.6
279,0.0024000000000000002,-1.942e-05,0.005,46,0,50,3.6
280,0.002,-1.94e-05,0.005,46,0,50,3.6
281,0.0012000000000000001,-1.938e-05,0.005,46,0,50,3.6
282,0.0012000000000000001,-1.936e-05,0.005,46,0,50,3.6
283,0.0016,-1.934e-05,0.005,46,0,50,3.6
284,0.0012000000000000001,-1.932e-05,0.005,46,0,50,3.6
285,0.0004,-1.93e-05,0.005,46,0,50,3.6
286,0.0012000000000000001,-1.9280000000000002e-05,0.005,46,0,50,3.6
287,0.0008,-1.9260000000000002e-05,0.005,46,0,50,3.6
288,0.0016,-1.9240000000000002e-05,0.005,46,0,50,3.6
289,0.0016,-1.9220000000000002e-05,0.005,46,0,50,3.6
290,0.0008,-1.92e-05,0.005,46,0,50,3.6
291,0.0004,-1.9180000000000003e-05,0.005,46,0,50,3.6
292,0.0012000000000000001,-1.916e-05,0.005,46,0,50,3.6
293,0.0012000000000000001,-1.9140000000000003e-05,0.005,46,0,50,3.6
294,0.0004,-1.912e-05,0.005,46,0,50,3.6
295,0.0012000000000000001,-1.91e-05,0.005,46,0,50,3.6
296,0.0004,-1.908e-05,0.005,46,0,50,3.6
297,0.0004,-1.906e-05,0.005,46,0,50,3.6
298,-0.0004,-1.904e-05,0.005,46,0,50,3.6
299,0.0004,-1.902e-05,0.005,46,0,50,3.6
300,0.0008,-1.9e-05,0.005,46,0,50,3.6
301,-0.0008,-1.898e-05,0.005,46,0,50,3.6
302,-0.0008,-1.896e-05,0.005,46,0,50,3.6
303,0.0004,-1.894e-05,0.005,46,0,50,3.6
304,0.002,-1.8920000000000002e-05,0.005,46,0,50,3.6
305,0.002,-1.8900000000000002e-05,0.005,46,0,50,3.6
306,0.0008,-1.8880000000000002e-05,0.005,46,0,50,3.6
307,0.0004,-1.886e-05,0.005,46,0,50,3.6
308,0.0012000000000000001,-1.8840000000000003e-05,0.005,46,0,50,3.6
309,0.002,-1.882e-05,0.005,46,0,50,3.6
310,0.0008,-1.8800000000000003e-05,0.005,46,0,50,3.6
311,0.0004,-1.878e-05,0.005,46,0,50,3.6
312,0.0008,-1.876e-05,0.005,46,0,50,3.6
313,0.0016,-1.874e-05,0.005,46,0,50,3.6
314,0.0016,-1.872e-05,0.005,46,0,50,3.6
315,0.0024000000000000002,-1.87e-05,0.005,46,0,50,3.6
316,0.0012000000000000001,-1.868e-05,0.005,46,0,50,3.6
317,0.0016,-1.866e-05,0.005,46,0,50,3.6
318,0.0016,-1.864e-05,0.005,46,0,50,3.6
319,0.0008,-1.862e-05,0.005,46,0,50,3.6
320,0.0,-1.86e-05,0.005,46,0,50,3.6
321,0.0016,-1.858e-05,0.005,46,0,50,3.6
322,0.0008,-1.8560000000000002e-05,0.005,46,0,50,3.6
323,0.0008,-1.8540000000000002e-05,0.005,46,0,50,3.6
324,0.0012000000000000001,-1.8520000000000002e-05,0.005,46,0,50,3.6
325,0.002,-1.8500000000000002e-05,0.005,46,0,50,3.6
326,0.0016,-1.848e-05,0.005,46,0,50,3.6
327,0.0012000000000000001,-1.8460000000000003e-05,0.005,46,0,50,3.6
328,0.0012000000000000001,-1.844e-05,0.005,46,0,50,3.6
329,0.0016,-1.842e-05,0.005,46,0,50,3.6
330,0.0028,-1.84e-05,0.005,46,0,50,3.6
331,0.0008,-1.838e-05,0.005,46,0,50,3.6
332,0.0012000000000000001,-1.836e-05,0.005,46,0,50,3.6
333,0.0008,-1.834e-05,0.005,46,0,50,3.6
334,0.0016,-1.832e-05,0.005,46,0,50,3.6
335,0.0004,-1.83e-05,0.005,46,0,50,3.6
336,0.0012000000000000001,-1.828e-05,0.005,46,0,50,3.6
337,0.0012000000000000001,-1.826e-05,0.005,46,0,50,3.6
338,0.002,-1.824e-05,0.005,46,0,50,3.6
339,0.0008,-1.8220000000000002e-05,0.005,46,0,50,3.6
340,0.0016,-1.8200000000000002e-05,0.005,46,0,50,3.6
341,0.002,-1.8180000000000002e-05,0.005,46,0,50,3.6
342,0.0024000000000000002,-1.8160000000000002e-05,0.005,46,0,50,3.6
343,0.0016,-1.814e-05,0.005,46,0,50,3.6
344,0.0008,-1.8120000000000003e-05,0.005,46,0,50,3.6
345,0.0012000000000000001,-1.81e-05,0.005,46,0,50,3.6
346,0.0016,-1.8080000000000003e-05,0.005,46,0,50,3.6
347,0.0012000000000000001,-1.806e-05,0.005,46,0,50,3.6
348,-0.0004,-1.804e-05,0.005,46,0,50,3.6
349,0.0,-1.802e-05,0.005,46,0,50,3.6
350,0.0008,-1.8e-05,0.005,46,0,50,3.6
351,0.002,-1.798e-05,0.005,46,0,50,3.6
352,0.0008,-1.796e-05,0.005,46,0,50,3.6
353,0.0008,-1.794e-05,0.005,46,0,50,3.6
354,0.0008,-1.792e-05,0.005,46,0,50,3.6
355,0.0016,-1.79e-05,0.005,46,0,50,3.6
356,0.0012000000000000001,-1.788e-05,0.005,46,0,50,3.6
357,0.0008,-1.7860000000000002e-05,0.005,46,0,50,3.6
358,0.0004,-1.7840000000000002e-05,0.005,46,0,50,3.6
359,0.0008,-1.7820000000000002e-05,0.005,46,0,50,3.6
360,0.0004,-1.78e-05,0.005,46,0,50,3.6
361,0.0008,-1.7780000000000003e-05,0.005,46,0,50,3.6
362,0.0016,-1.776e-05,0.005,46,0,50,3.6
363,-0.0004,-1.7740000000000003e-05,0.005,46,0,50,3.6
364,0.0,-1.772e-05,0.005,46,0,50,3.6
365,0.0008,-1.77e-05,0.005,46,0,50,3.6
366,0.0012000000000000001,-1.768e-05,0.005,46,0,50,3.6
367,0.0016,-1.766e-05,0.005,46,0,50,3.6
368,0.0008,-1.764e-05,0.005,46,0,50,3.6
369,0.0004,-1.762e-05,0.005,46,0,50,3.6
370,0.0008,-1.76e-05,0.005,46,0,50,3.6
371,0.002,-1.758e-05,0.005,46,0,50,3.6
372,0.0016,-1.756e-05,0.005,46,0,50,3.6
373,0.0,-1.754e-05,0.005,46,0,50,3.6
374,0.0004,-1.752e-05,0.005,46,0,50,3.6
375,0.0024000000000000002,-1.7500000000000002e-05,0.005,46,0,50,3.6
376,0.0028,-1.7480000000000002e-05,0.005,46,0,50,3.6
377,0.0012000000000000001,-1.7460000000000002e-05,0.005,46,0,50,3.6
378,0.0008,-1.7440000000000002e-05,0.005,46,0,50,3.6
379,0.0008,-1.742e-05,0.005,46,0,50,3.6
380,0.0016,-1.7400000000000003e-05,0.005,46,0,50,3.6
381,0.0016,-1.738e-05,0.005,46,0,50,3.6
382,0.0008,-1.7360000000000003e-05,0.005,46,0,50,3.6
383,0.0012000000000000001,-1.734e-05,0.005,46,0,50,3.6
384,0.0008,-1.732e-05,0.005,46,0,50,3.6
385,0.0012000000000000001,-1.73e-05,0.005,46,0,50,3.6
386,0.002,-1.728e-05,0.005,46,0,50,3.6
387,0.002,-1.726e-05,0.005,46,0,50,3.6
388,0.002,-1.724e-05,0.005,46,0,50,3.6
389,0.0004,-1.722e-05,0.005,46,0,50,3.6
390,0.0004,-1.72e-05,0.005,46,0,50,3.6
391,0.0008,-1.718e-05,0.005,46,0,50,3.6
392,0.0016,-1.7160000000000002e-05,0.005,46,0,50,3.6
393,0.0004,-1.7140000000000002e-05,0.005,46,0,50,3.6
394,0.0008,-1.712e-05,0.005,46,0,50,3.6
395,0.0004,-1.7100000000000002e-05,0.005,46,0,50,3.6
396,0.0012000000000000001,-1.708e-05,0.005,46,0,50,3.6
397,0.0016,-1.7060000000000003e-05,0.005,46,0,50,3.6
398,0.0012000000000000001,-1.704e-05,0.005,46,0,50,3.6
399,0.0004,-1.7020000000000003e-05,0.005,46,0,50,3.6
400,0.0004,-1.7e-05,0.005,46,0,50,3.6
401,0.0012000000000000001,-1.6980000000000003e-05,0.005,46,0,50,3.6
402,0.0008,-1.696e-05,0.005,46,0,50,3.6
403,0.0012000000000000001,-1.694e-05,0.005,46,0,50,3.6
404,0.0008,-1.692e-05,0.005,46,0,50,3.6
405,0.0008,-1.69e-05,0.005,46,0,50,3.6
406,0.0008,-1.688e-05,0.005,46,0,50,3.6
407,0.0004,-1.686e-05,0.005,46,0,50,3.6
408,0.0012000000000000001,-1.684e-05,0.005,46,0,50,3.6
409,0.0004,-1.682e-05,0.005,46,0,50,3.6
410,0.0004,-1.6800000000000002e-05,0.005,46,0,50,3.6
411,0.0008,-1.678e-05,0.005,46,0,50,3.6
412,0.0016,-1.6760000000000002e-05,0.005,46,0,50,3.6
413,0.0008,-1.674e-05,0.005,46,0,50,3.6
414,0.0012000000000000001,-1.6720000000000003e-05,0.005,46,0,50,3.6
415,0.0,-1.67e-05,0.005,46,0,50,3.6
416,0.0008,-1.6680000000000003e-05,0.005,46,0,50,3.6
417,0.002,-1.666e-05,0.005,46,0,50,3.6
418,0.0012000000000000001,-1.6640000000000003e-05,0.005,46,0,50,3.6
419,0.0008,-1.662e-05,0.005,46,0,50,3.6
420,0.0016,-1.66e-05,0.005,46,0,50,3.6
421,0.0012000000000000001,-1.658e-05,0.005,46,0,50,3.6
422,0.0016,-1.656e-05,0.005,46,0,50,3.6
423,0.002,-1.654e-05,0.005,46,0,50,3.6
424,0.0004,-1.652e-05,0.005,46,0,50,3.6
425,0.0016,-1.65e-05,0.005,46,0,50,3.6
426,0.0004,-1.648e-05,0.005,46,0,50,3.6
427,0.0016,-1.646e-05,0.005,46,0,50,3.6
428,0.002,-1.6440000000000002e-05,0.005,46,0,50,3.6
429,0.0016,-1.6420000000000002e-05,0.005,46,0,50,3.6
430,0.0,-1.64e-05,0.005,46,0,50,3.6
431,0.0004,-1.6380000000000002e-05,0.005,46,0,50,3.6
432,0.0008,-1.636e-05,0.005,46,0,50,3.6
433,0.0024000000000000002,-1.6340000000000003e-05,0.005,46,0,50,3.6
434,0.0008,-1.632e-05,0.005,46,0,50,3.6
435,0.0012000000000000001,-1.6300000000000003e-05,0.005,46,0,50,3.6
436,0.0008,-1.628e-05,0.005,46,0,50,3.6
437,0.0012000000000000001,-1.626e-05,0.005,46,0,50,3.6
438,0.0008,-1.624e-05,0.005,46,0,50,3.6
439,0.0008,-1.622e-05,0.005,46,0,50,3.6
440,0.0,-1.62e-05,0.005,46,0,50,3.6
441,0.0012000000000000001,-1.618e-05,0.005,46,0,50,3.6
442,0.0008,-1.616e-05,0.005,46,0,50,3.6
443,0.0008,-1.614e-05,0.005,46,0,50,3.6
444,0.0012000000000000001,-1.612e-05,0.005,46,0,50,3.6
445,0.0008,-1.6100000000000002e-05,0.005,46,0,50,3.6
446,0.0016,-1.6080000000000002e-05,0.005,46,0,50,3.6
447,-0.0004,-1.606e-05,0.005,46,0,50,3.6
448,0.0004,-1.6040000000000002e-05,0.005,46,0,50,3.6
449,0.0004,-1.602e-05,0.005,46,0,50,3.6
450,0.0004,-1.6000000000000003e-05,0.005,46,0,50,3.6
451,0.0008,-1.598e-05,0.005,46,0,50,3.6
452,0.0012000000000000001,-1.5960000000000003e-05,0.005,46,0,50,3.6
453,0.0016,-1.594e-05,0.005,46,0,50,3.6
454,0.0008,-1.5920000000000003e-05,0.005,46,0,50,3.6
455,-0.0004,-1.59e-05,0.005,46,0,50,3.6
456,0.0,-1.588e-05,0.005,46,0,50,3.6
457,0.0008,-1.586e-05,0.005,46,0,50,3.6
458,0.0016,-1.584e-05,0.005,46,0,50,3.6
459,0.0008,-1.582e-05,0.005,46,0,50,3.6
460,-0.0008,-1.58e-05,0.005,46,0,50,3.6
461,0.0,-1.578e-05,0.005,46,0,50,3.6
462,0.0004,-1.576e-05,0.005,46,0,50,3.6
463,0.0004,-1.5740000000000002e-05,0.005,46,0,50,3.6
464,0.0004,-1.572e-05,0.005,46,0,50,3.6
465,0.0,-1.5700000000000002e-05,0.005,46,0,50,3.6
466,0.0004,-1.568e-05,0.005,46,0,50,3.6
467,0.0008,-1.5660000000000003e-05,0.005,46,0,50,3.6
468,0.0012000000000000001,-1.564e-05,0.005,46,0,50,3.6
469,0.0016,-1.5620000000000003e-05,0.005,46,0,50,3.6
470,0.0008,-1.56e-05,0.005,46,0,50,3.6
471,0.0004,-1.5580000000000003e-05,0.005,46,0,50,3.6
472,0.0004,-1.556e-05,0.005,46,0,50,3.6
473,0.0008,-1.554e-05,0.005,46,0,50,3.6
474,0.002,-1.552e-05,0.005,46,0,50,3.6
475,0.0008,-1.55e-05,0.005,46,0,50,3.6
476,0.0,-1.548e-05,0.005,46,0,50,3.6
477,0.0004,-1.546e-05,0.005,46,0,50,3.6
478,0.0016,-1.544e-05,0.005,46,0,50,3.6
479,0.0024000000000000002,-1.542e-05,0.005,46,0,50,3.6
480,0.0008,-1.54e-05,0.005,46,0,50,3.6
481,0.0012000000000000001,-1.5380000000000002e-05,0.005,46,0,50,3.6
482,0.0008,-1.5360000000000002e-05,0.005,46,0,50,3.6
483,0.002,-1.534e-05,0.005,46,0,50,3.6
484,0.0008,-1.5320000000000002e-05,0.005,46,0,50,3.6
485,0.0008,-1.53e-05,0.005,46,0,50,3.6
486,0.0016,-1.5280000000000003e-05,0.005,46,0,50,3.6
487,0.002,-1.526e-05,0.005,46,0,50,3.6
488,0.0012000000000000001,-1.5240000000000001e-05,0.005,46,0,50,3.6
489,0.0016,-1.5220000000000002e-05,0.005,46,0,50,3.6
490,0.0012000000000000001,-1.52e-05,0.005,46,0,50,3.6
491,0.0012000000000000001,-1.518e-05,0.005,46,0,50,3.6
492,0.0008,-1.516e-05,0.005,46,0,50,3.6
493,0.0004,-1.514e-05,0.005,46,0,50,3.6
494,0.0012000000000000001,-1.5120000000000001e-05,0.005,46,0,50,3.6
495,0.0016,-1.5100000000000001e-05,0.005,46,0,50,3.6
496,0.0004,-1.5080000000000001e-05,0.005,46,0,50,3.6
497,0.0012000000000000001,-1.5060000000000001e-05,0.005,46,0,50,3.6
498,0.0012000000000000001,-1.5040000000000002e-05,0.005,46,0,50,3.6
499,0.0012000000000000001,-1.502e-05,0.005,46,0,50,3.6
500,0.0012000000000000001,-1.5e-05,0.005,46,0,50,3.6
501,0.0004,-1.498e-05,0.005,46,0,50,3.6
502,0.0004,-1.496e-05,0.005,46,0,50,3.6
503,0.0012000000000000001,-1.4940000000000001e-05,0.005,46,0,50,3.6
504,0.0008,-1.4920000000000001e-05,0.005,46,0,50,3.6
505,0.0004,-1.4900000000000001e-05,0.005,46,0,50,3.6
506,0.0,-1.4880000000000002e-05,0.005,46,0,50,3.6
507,0.0012000000000000001,-1.4860000000000002e-05,0.005,46,0,50,3.6
508,0.0004,-1.484e-05,0.005,46,0,50,3.6
509,0.0,-1.482e-05,0.005,46,0,50,3.6
510,0.0012000000000000001,-1.48e-05,0.005,46,0,50,3.6
511,0.0008,-1.478e-05,0.005,46,0,50,3.6
512,0.0008,-1.4760000000000001e-05,0.005,46,0,50,3.6
513,0.0,-1.4740000000000001e-05,0.005,46,0,50,3.6
514,0.0,-1.4720000000000001e-05,0.005,46,0,50,3.6
515,0.0012000000000000001,-1.4700000000000002e-05,0.005,46,0,50,3.6
516,0.0012000000000000001,-1.4680000000000002e-05,0.005,46,0,50,3.6
517,0.0,-1.466e-05,0.005,46,0,50,3.6
518,0.0,-1.464e-05,0.005,46,0,50,3.6
519,0.0004,-1.462e-05,0.005,46,0,50,3.6
520,0.0008,-1.46e-05,0.005,46,0,50,3.6
521,0.0008,-1.4580000000000001e-05,0.005,46,0,50,3.6
522,0.0008,-1.4560000000000001e-05,0.005,46,0,50,3.6
523,0.0012000000000000001,-1.4540000000000001e-05,0.005,46,0,50,3.6
524,0.0012000000000000001,-1.4520000000000002e-05,0.005,46,0,50,3.6
525,0.0012000000000000001,-1.4500000000000002e-05,0.005,46,0,50,3.6
526,0.0,-1.448e-05,0.005,46,0,50,3.6
527,0.0004,-1.446e-05,0.005,46,0,50,3.6
528,0.0012000000000000001,-1.444e-05,0.005,46,0,50,3.6
529,-0.0004,-1.4420000000000001e-05,0.005,46,0,50,3.6
530,0.0004,-1.4400000000000001e-05,0.005,46,0,50,3.6
531,0.0008,-1.4380000000000001e-05,0.005,46,0,50,3.6
532,0.0008,-1.4360000000000001e-05,0.005,46,0,50,3.6
533,0.0008,-1.4340000000000002e-05,0.005,46,0,50,3.6
534,0.0008,-1.4320000000000002e-05,0.005,46,0,50,3.6
535,0.0016,-1.43e-05,0.005,46,0,50,3.6
536,0.0012000000000000001,-1.428e-05,0.005,46,0,50,3.6
537,0.0,-1.426e-05,0.005,46,0,50,3.6
538,-0.0008,-1.4240000000000001e-05,0.005,46,0,50,3.6
539,0.0008,-1.4220000000000001e-05,0.005,46,0,50,3.6
540,0.0012000000000000001,-1.4200000000000001e-05,0.005,46,0,50,3.6
541,0.0012000000000000001,-1.4180000000000001e-05,0.005,46,0,50,3.6
542,0.0008,-1.4160000000000002e-05,0.005,46,0,50,3.6
543,0.0004,-1.414e-05,0.005,46,0,50,3.6
544,0.0008,-1.412e-05,0.005,46,0,50,3.6
545,0.0016,-1.41e-05,0.005,46,0,50,3.6
546,0.0,-1.408e-05,0.005,46,0,50,3.6
547,-0.0004,-1.4060000000000001e-05,0.005,46,0,50,3.6
548,0.0004,-1.4040000000000001e-05,0.005,46,0,50,3.6
549,0.0008,-1.4020000000000001e-05,0.005,46,0,50,3.6
550,0.0012000000000000001,-1.4000000000000001e-05,0.005,46,0,50,3.6
551,0.0012000000000000001,-1.3980000000000002e-05,0.005,46,0,50,3.6
552,0.0008,-1.396e-05,0.005,46,0,50,3.6
553,0.0012000000000000001,-1.394e-05,0.005,46,0,50,3.6
554,0.0004,-1.392e-05,0.005,46,0,50,3.6
555,0.0,-1.39e-05,0.005,46,0,50,3.6
556,0.0004,-1.3880000000000001e-05,0.005,46,0,50,3.6
557,0.0012000000000000001,-1.3860000000000001e-05,0.005,46,0,50,3.6
558,0.0,-1.3840000000000001e-05,0.005,46,0,50,3.6
559,-0.0004,-1.3820000000000002e-05,0.005,46,0,50,3.6
560,0.0012000000000000001,-1.3800000000000002e-05,0.005,46,0,50,3.6
561,0.0008,-1.378e-05,0.005,46,0,50,3.6
562,-0.0004,-1.376e-05,0.005,46,0,50,3.6
563,-0.0008,-1.374e-05,0.005,46,0,50,3.6
564,-0.0016,-1.372e-05,0.005,46,0,50,3.6
565,0.0,-1.3700000000000001e-05,0.005,46,0,50,3.6
566,0.0,-1.3680000000000001e-05,0.005,46,0,50,3.6
567,-0.0004,-1.3660000000000001e-05,0.005,46,0,50,3.6
568,0.0008,-1.3640000000000002e-05,0.005,46,0,50,3.6
569,0.0012000000000000001,-1.3620000000000002e-05,0.005,46,0,50,3.6
570,0.0016,-1.36e-05,0.005,46,0,50,3.6
571,0.0004,-1.358e-05,0.005,46,0,50,3.6
572,0.0012000000000000001,-1.356e-05,0.005,46,0,50,3.6
573,0.0024000000000000002,-1.354e-05,0.005,46,0,50,3.6
574,0.0012000000000000001,-1.3520000000000001e-05,0.005,46,0,50,3.6
575,0.0,-1.3500000000000001e-05,0.005,46,0,50,3.6
576,0.0004,-1.3480000000000001e-05,0.005,46,0,50,3.6
577,0.0012000000000000001,-1.3460000000000002e-05,0.005,46,0,50,3.6
578,0.0008,-1.3440000000000002e-05,0.005,46,0,50,3.6
579,-0.0004,-1.342e-05,0.005,46,0,50,3.6
580,0.0,-1.34e-05,0.005,46,0,50,3.6
581,0.0008,-1.338e-05,0.005,46,0,50,3.6
582,0.0012000000000000001,-1.336e-05,0.005,46,0,50,3.6
583,0.0,-1.3340000000000001e-05,0.005,46,0,50,3.6
584,0.0008,-1.3320000000000001e-05,0.005,46,0,50,3.6
585,0.0012000000000000001,-1.3300000000000001e-05,0.005,46,0,50,3.6
586,0.0012000000000000001,-1.3280000000000002e-05,0.005,46,0,50,3.6
587,0.0008,-1.3260000000000002e-05,0.005,46,0,50,3.6
588,0.0004,-1.324e-05,0.005,46,0,50,3.6
589,0.0012000000000000001,-1.322e-05,0.005,46,0,50,3.6
590,0.0016,-1.32e-05,0.005,46,0,50,3.6
591,0.0008,-1.3180000000000001e-05,0.005,46,0,50,3.6
592,0.0008,-1.3160000000000001e-05,0.005,46,0,50,3.6
593,0.0,-1.3140000000000001e-05,0.005,46,0,50,3.6
594,0.0012000000000000001,-1.3120000000000001e-05,0.005,46,0,50,3.6
595,0.0,-1.3100000000000002e-05,0.005,46,0,50,3.6
596,0.0004,-1.308e-05,0.005,46,0,50,3.6
597,0.0008,-1.306e-05,0.005,46,0,50,3.6
598,0.0008,-1.304e-05,0.005,46,0,50,3.6
599,0.0008,-1.302e-05,0.005,46,0,50,3.6
600,0.0012000000000000001,-1.3000000000000001e-05,0.005,46,0,50,3.6
601,0.0012000000000000001,-1.2980000000000001e-05,0.005,46,0,50,3.6
602,0.0016,-1.2960000000000001e-05,0.005,46,0,50,3.6
603,0.0008,-1.2940000000000001e-05,0.005,46,0,50,3.6
604,0.0012000000000000001,-1.2920000000000002e-05,0.005,46,0,50,3.6
605,0.0012000000000000001,-1.29e-05,0.005,46,0,50,3.6
606,0.0028,-1.288e-05,0.005,46,0,50,3.6
607,0.0012000000000000001,-1.286e-05,0.005,46,0,50,3.6
608,0.0004,-1.284e-05,0.005,46,0,50,3.6
609,0.0012000000000000001,-1.2820000000000001e-05,0.005,46,0,50,3.6
610,0.0016,-1.2800000000000001e-05,0.005,46,0,50,3.6
611,0.0024000000000000002,-1.2780000000000001e-05,0.005,46,0,50,3.6
612,0.0016,-1.2760000000000001e-05,0.005,46,0,50,3.6
613,0.0012000000000000001,-1.2740000000000002e-05,0.005,46,0,50,3.6
614,0.0008,-1.272e-05,0.005,46,0,50,3.6
615,0.0012000000000000001,-1.27e-05,0.005,46,0,50,3.6
616,0.0,-1.268e-05,0.005,46,0,50,3.6
617,0.0008,-1.266e-05,0.005,46,0,50,3.6
618,0.0012000000000000001,-1.2640000000000001e-05,0.005,46,0,50,3.6
619,0.0012000000000000001,-1.2620000000000001e-05,0.005,46,0,50,3.6
620,0.0016,-1.2600000000000001e-05,0.005,46,0,50,3.6
621,0.0008,-1.2580000000000002e-05,0.005,46,0,50,3.6
622,0.0008,-1.2560000000000002e-05,0.005,46,0,50,3.6
623,0.002,-1.254e-05,0.005,46,0,50,3.6
624,0.0004,-1.252e-05,0.005,46,0,50,3.6
625,0.0,-1.25e-05,0.005,46,0,50,3.6
626,0.0008,-1.248e-05,0.005,46,0,50,3.6
627,0.0012000000000000001,-1.2460000000000001e-05,0.005,46,0,50,3.6
628,0.0004,-1.2440000000000001e-05,0.005,46,0,50,3.6
629,0.0,-1.2420000000000001e-05,0.005,46,0,50,3.6
630,0.0,-1.2400000000000002e-05,0.005,46,0,50,3.6
631,0.0008,-1.2380000000000002e-05,0.005,46,0,50,3.6
632,0.0012000000000000001,-1.236e-05,0.005,46,0,50,3.6
633,0.0016,-1.234e-05,0.005,46,0,50,3.6
634,0.0016,-1.232e-05,0.005,46,0,50,3.6
635,0.0012000000000000001,-1.23e-05,0.005,46,0,50,3.6
636,0.0008,-1.2280000000000001e-05,0.005,46,0,50,3.6
637,0.0012000000000000001,-1.2260000000000001e-05,0.005,46,0,50,3.6
638,0.0016,-1.2240000000000001e-05,0.005,46,0,50,3.6
639,0.002,-1.2220000000000002e-05,0.005,46,0,50,3.6
640,0.0024000000000000002,-1.2200000000000002e-05,0.005,46,0,50,3.6
641,0.0008,-1.218e-05,0.005,46,0,50,3.6
642,0.0012000000000000001,-1.216e-05,0.005,46,0,50,3.6
643,0.0012000000000000001,-1.214e-05,0.005,46,0,50,3.6
644,0.002,-1.2120000000000001e-05,0.005,46,0,50,3.6
645,0.0008,-1.2100000000000001e-05,0.005,46,0,50,3.6
646,0.0004,-1.2080000000000001e-05,0.005,46,0,50,3.6
647,0.0012000000000000001,-1.2060000000000001e-05,0.005,46,0,50,3.6
648,0.002,-1.2040000000000002e-05,0.005,46,0,50,3.6
649,0.0016,-1.202e-05,0.005,46,0,50,3.6
650,0.0004,-1.2e-05,0.005,46,0,50,3.6
651,0.0008,-1.198e-05,0.005,46,0,50,3.6
652,0.0016,-1.196e-05,0.005,46,0,50,3.6
653,0.0012000000000000001,-1.1940000000000001e-05,0.005,46,0,50,3.6
654,0.0012000000000000001,-1.1920000000000001e-05,0.005,46,0,50,3.6
655,0.0008,-1.1900000000000001e-05,0.005,46,0,50,3.6
656,0.0012000000000000001,-1.1880000000000001e-05,0.005,46,0,50,3.6
657,0.0012000000000000001,-1.1860000000000002e-05,0.005,46,0,50,3.6
658,0.0004,-1.184e-05,0.005,46,0,50,3.6
659,0.0012000000000000001,-1.182e-05,0.005,46,0,50,3.6
660,0.0008,-1.18e-05,0.005,46,0,50,3.6
661,0.0004,-1.178e-05,0.005,46,0,50,3.6
662,0.0008,-1.1760000000000001e-05,0.005,46,0,50,3.6
663,0.0004,-1.1740000000000001e-05,0.005,46,0,50,3.6
664,0.0008,-1.1720000000000001e-05,0.005,46,0,50,3.6
665,0.0008,-1.1700000000000001e-05,0.005,46,0,50,3.6
666,-0.0004,-1.1680000000000002e-05,0.005,46,0,50,3.6
667,0.0004,-1.166e-05,0.005,46,0,50,3.6
668,0.0012000000000000001,-1.164e-05,0.005,46,0,50,3.6
669,0.0012000000000000001,-1.162e-05,0.005,46,0,50,3.6
670,-0.0004,-1.16e-05,0.005,46,0,50,3.6
671,-0.0008,-1.1580000000000001e-05,0.005,46,0,50,3.6
672,0.0012000000000000001,-1.1560000000000001e-05,0.005,46,0,50,3.6
673,0.0012000000000000001,-1.1540000000000001e-05,0.005,46,0,50,3.6
674,0.0004,-1.1520000000000002e-05,0.005,46,0,50,3.6
675,-0.0008,-1.1500000000000002e-05,0.005,46,0,50,3.6
676,0.0,-1.148e-05,0.005,46,0,50,3.6
677,0.0004,-1.146e-05,0.005,46,0,50,3.6
678,0.0012000000000000001,-1.144e-05,0.005,46,0,50,3.6
679,0.0012000000000000001,-1.142e-05,0.005,46,0,50,3.6
680,0.0004,-1.1400000000000001e-05,0.005,46,0,50,3.6
681,0.0012000000000000001,-1.1380000000000001e-05,0.005,46,0,50,3.6
682,0.0,-1.1360000000000001e-05,0.005,46,0,50,3.6
683,0.0004,-1.1340000000000002e-05,0.005,46,0,50,3.6
684,0.0016,-1.1320000000000002e-05,0.005,46,0,50,3.6
685,0.0016,-1.13e-05,0.005,46,0,50,3.6
686,0.0008,-1.128e-05,0.005,46,0,50,3.6
687,0.0004,-1.126e-05,0.005,46,0,50,3.6
688,0.0004,-1.124e-05,0.005,46,0,50,3.6
689,0.002,-1.1220000000000001e-05,0.005,46,0,50,3.6
690,0.0012000000000000001,-1.1200000000000001e-05,0.005,46,0,50,3.6
691,0.0004,-1.1180000000000001e-05,0.005,46,0,50,3.6
692,0.0012000000000000001,-1.1160000000000002e-05,0.005,46,0,50,3.6
693,0.0012000000000000001,-1.114e-05,0.005,46,0,50,3.6
694,0.0016,-1.112e-05,0.005,46,0,50,3.6
695,0.0004,-1.11e-05,0.005,46,0,50,3.6
696,0.0008,-1.108e-05,0.005,46,0,50,3.6
697,0.0008,-1.106e-05,0.005,46,0,50,3.6
698,0.002,-1.1040000000000001e-05,0.005,46,0,50,3.6
699,0.0012000000000000001,-1.1020000000000001e-05,0.005,46,0,50,3.6
700,0.0016,-1.1000000000000001e-05,0.005,46,0,50,3.6
701,0.0016,-1.0980000000000002e-05,0.005,46,0,50,3.6
702,0.0008,-1.096e-05,0.005,46,0,50,3.6
703,0.0008,-1.094e-05,0.005,46,0,50,3.6
704,0.0012000000000000001,-1.092e-05,0.005,46,0,50,3.6
705,0.0028,-1.09e-05,0.005,46,0,50,3.6
706,0.0016,-1.0880000000000001e-05,0.005,46,0,50,3.6
707,0.0008,-1.0860000000000001e-05,0.005,46,0,50,3.6
708,0.0012000000000000001,-1.0840000000000001e-05,0.005,46,0,50,3.6
709,0.002,-1.0820000000000001e-05,0.005,46,0,50,3.6
710,0.002,-1.0800000000000002e-05,0.005,46,0,50,3.6
711,0.0012000000000000001,-1.078e-05,0.005,46,0,50,3.6
712,0.0008,-1.076e-05,0.005,46,0,50,3.6
713,0.0004,-1.074e-05,0.005,46,0,50,3.6
714,0.0016,-1.072e-05,0.005,46,0,50,3.6
715,0.0012000000000000001,-1.0700000000000001e-05,0.005,46,0,50,3.6
716,0.0008,-1.0680000000000001e-05,0.005,46,0,50,3.6
717,0.0008,-1.0660000000000001e-05,0.005,46,0,50,3.6
718,0.0016,-1.0640000000000001e-05,0.005,46,0,50,3.6
719,0.0012000000000000001,-1.0620000000000002e-05,0.005,46,0,50,3.6
720,0.0016,-1.06e-05,0.005,46,0,50,3.6
721,0.0008,-1.058e-05,0.005,46,0,50,3.6
722,0.0004,-1.056e-05,0.005,46,0,50,3.6
723,0.0008,-1.054e-05,0.005,46,0,50,3.6
724,0.0008,-1.0520000000000001e-05,0.005,46,0,50,3.6
725,0.0012000000000000001,-1.0500000000000001e-05,0.005,46,0,50,3.6
726,0.0016,-1.0480000000000001e-05,0.005,46,0,50,3.6
727,0.0008,-1.0460000000000001e-05,0.005,46,0,50,3.6
728,0.0,-1.0440000000000002e-05,0.005,46,0,50,3.6
729,0.0012000000000000001,-1.042e-05,0.005,46,0,50,3.6
730,0.0012000000000000001,-1.04e-05,0.005,46,0,50,3.6
731,0.0008,-1.038e-05,0.005,46,0,50,3.6
732,0.0004,-1.036e-05,0.005,46,0,50,3.6
733,0.0004,-1.0340000000000001e-05,0.005,46,0,50,3.6
734,0.002,-1.0320000000000001e-05,0.005,46,0,50,3.6
735,0.002,-1.0300000000000001e-05,0.005,46,0,50,3.6
736,0.0012000000000000001,-1.0280000000000002e-05,0.005,46,0,50,3.6
737,0.0004,-1.0260000000000002e-05,0.005,46,0,50,3.6
738,0.0004,-1.024e-05,0.005,46,0,50,3.6
739,0.0012000000000000001,-1.022e-05,0.005,46,0,50,3.6
740,0.0012000000000000001,-1.02e-05,0.005,46,0,50,3.6
741,0.0012000000000000001,-1.018e-05,0.005,46,0,50,3.6
742,0.0016,-1.0160000000000001e-05,0.005,46,0,50,3.6
743,0.002,-1.0140000000000001e-05,0.005,46,0,50,3.6
744,0.0008,-1.0120000000000001e-05,0.005,46,0,50,3.6
745,0.0016,-1.0100000000000002e-05,0.005,46,0,50,3.6
746,0.0012000000000000001,-1.008e-05,0.005,46,0,50,3.6
747,0.002,-1.006e-05,0.005,46,0,50,3.6
748,0.002,-1.004e-05,0.005,46,0,50,3.6
749,0.0012000000000000001,-1.002e-05,0.005,46,0,50,3.6
750,0.002,-1e-05,0.005,46,0,50,3.6
751,0.0024000000000000002,-9.980000000000001e-06,0.005,46,0,50,3.6
752,0.0016,-9.960000000000001e-06,0.005,46,0,50,3.6
753,0.0016,-9.940000000000001e-06,0.005,46,0,50,3.6
754,0.002,-9.920000000000002e-06,0.005,46,0,50,3.6
755,0.0028,-9.9e-06,0.005,46,0,50,3.6
756,0.002,-9.88e-06,0.005,46,0,50,3.6
757,0.0008,-9.86e-06,0.005,46,0,50,3.6
758,0.0012000000000000001,-9.84e-06,0.005,46,0,50,3.6
759,0.0024000000000000002,-9.820000000000001e-06,0.005,46,0,50,3.6
760,0.0024000000000000002,-9.800000000000001e-06,0.005,46,0,50,3.6
761,0.0016,-9.780000000000001e-06,0.005,46,0,50,3.6
762,0.0016,-9.760000000000001e-06,0.005,46,0,50,3.6
763,0.0008,-9.740000000000002e-06,0.005,46,0,50,3.6
764,0.0008,-9.720000000000002e-06,0.005,46,0,50,3.6
765,0.0012000000000000001,-9.700000000000002e-06,0.005,46,0,50,3.6
766,0.0016,-9.680000000000002e-06,0.005,46,0,50,3.6
767,0.0016,-9.660000000000002e-06,0.005,46,0,50,3.6
768,0.002,-9.64e-06,0.005,46,0,50,3.6
769,0.002,-9.62e-06,0.005,46,0,50,3.6
770,0.0024000000000000002,-9.6e-06,0.005,46,0,50,3.6
771,0.0024000000000000002,-9.58e-06,0.005,46,0,50,3.6
772,0.0012000000000000001,-9.56e-06,0.005,46,0,50,3.6
773,-0.0004,-9.54e-06,0.005,46,0,50,3.6
774,0.0004,-9.52e-06,0.005,46,0,50,3.6
775,0.0012000000000000001,-9.5e-06,0.005,46,0,50,3.6
776,0.002,-9.48e-06,0.005,46,0,50,3.6
777,0.0016,-9.460000000000001e-06,0.005,46,0,50,3.6
778,0.0016,-9.440000000000001e-06,0.005,46,0,50,3.6
779,0.0008,-9.420000000000001e-06,0.005,46,0,50,3.6
780,0.0016,-9.400000000000001e-06,0.005,46,0,50,3.6
781,0.0008,-9.380000000000002e-06,0.005,46,0,50,3.6
782,0.0004,-9.360000000000002e-06,0.005,46,0,50,3.6
783,0.0008,-9.340000000000002e-06,0.005,46,0,50,3.6
784,0.0012000000000000001,-9.320000000000002e-06,0.005,46,0,50,3.6
785,0.0008,-9.300000000000002e-06,0.005,46,0,50,3.6
786,0.0004,-9.28e-06,0.005,46,0,50,3.6
787,0.0016,-9.26e-06,0.005,46,0,50,3.6
788,0.0016,-9.24e-06,0.005,46,0,50,3.6
789,0.0004,-9.22e-06,0.005,46,0,50,3.6
790,0.0008,-9.2e-06,0.005,46,0,50,3.6
791,0.0004,-9.18e-06,0.005,46,0,50,3.6
792,0.0012000000000000001,-9.16e-06,0.005,46,0,50,3.6
793,-0.0004,-9.14e-06,0.005,46,0,50,3.6
794,0.0,-9.12e-06,0.005,46,0,50,3.6
795,0.0004,-9.100000000000001e-06,0.005,46,0,50,3.6
796,0.0016,-9.080000000000001e-06,0.005,46,0,50,3.6
797,0.0016,-9.060000000000001e-06,0.005,46,0,50,3.6
798,0.0012000000000000001,-9.040000000000002e-06,0.005,46,0,50,3.6
799,0.0004,-9.020000000000002e-06,0.005,46,0,50,3.6
800,0.0008,-9.000000000000002e-06,0.005,46,0,50,3.6
801,0.0012000000000000001,-8.980000000000002e-06,0.005,46,0,50,3.6
802,0.0004,-8.960000000000002e-06,0.005,46,0,50,3.6
803,0.0012000000000000001,-8.940000000000002e-06,0.005,46,0,50,3.6
804,0.0016,-8.92e-06,0.005,46,0,50,3.6
805,0.0012000000000000001,-8.9e-06,0.005,46,0,50,3.6
806,0.0012000000000000001,-8.88e-06,0.005,46,0,50,3.6
807,0.002,-8.86e-06,0.005,46,0,50,3.6
808,0.0012000000000000001,-8.84e-06,0.005,46,0,50,3.6
809,0.0016,-8.82e-06,0.005,46,0,50,3.6
810,0.0008,-8.8e-06,0.005,46,0,50,3.6
811,0.0004,-8.78e-06,0.005,46,0,50,3.6
812,0.0008,-8.76e-06,0.005,46,0,50,3.6
813,0.002,-8.740000000000001e-06,0.005,46,0,50,3.6
814,0.0012000000000000001,-8.720000000000001e-06,0.005,46,0,50,3.6
815,0.0016,-8.700000000000001e-06,0.005,46,0,50,3.6
816,0.0008,-8.680000000000002e-06,0.005,46,0,50,3.6
817,0.0028,-8.660000000000002e-06,0.005,46,0,50,3.6
818,0.0016,-8.640000000000002e-06,0.005,46,0,50,3.6
819,0.0012000000000000001,-8.620000000000002e-06,0.005,46,0,50,3.6
820,-0.0008,-8.600000000000002e-06,0.005,46,0,50,3.6
821,0.0008,-8.58e-06,0.005,46,0,50,3.6
822,0.0012000000000000001,-8.56e-06,0.005,46,0,50,3.6
823,0.0008,-8.54e-06,0.005,46,0,50,3.6
824,0.0004,-8.52e-06,0.005,46,0,50,3.6
825,0.0008,-8.5e-06,0.005,46,0,50,3.6
826,0.0004,-8.48e-06,0.005,46,0,50,3.6
827,0.0,-8.46e-06,0.005,46,0,50,3.6
828,0.0004,-8.44e-06,0.005,46,0,50,3.6
829,0.0008,-8.42e-06,0.005,46,0,50,3.6
830,0.0,-8.400000000000001e-06,0.005,46,0,50,3.6
831,-0.0004,-8.380000000000001e-06,0.005,46,0,50,3.6
832,0.0004,-8.360000000000001e-06,0.005,46,0,50,3.6
833,0.0004,-8.340000000000001e-06,0.005,46,0,50,3.6
834,-0.0004,-8.320000000000002e-06,0.005,46,0,50,3.6
835,0.0,-8.300000000000002e-06,0.005,46,0,50,3.6
836,0.0,-8.280000000000002e-06,0.005,46,0,50,3.6
837,0.0016,-8.260000000000002e-06,0.005,46,0,50,3.6
838,0.0012000000000000001,-8.240000000000002e-06,0.005,46,0,50,3.6
839,0.0004,-8.22e-06,0.005,46,0,50,3.6
840,0.0,-8.2e-06,0.005,46,0,50,3.6
841,0.0004,-8.18e-06,0.005,46,0,50,3.6
842,0.0016,-8.16e-06,0.005,46,0,50,3.6
843,0.0008,-8.14e-06,0.005,46,0,50,3.6
844,0.0,-8.12e-06,0.005,46,0,50,3.6
845,0.0,-8.1e-06,0.005,46,0,50,3.6
846,0.0008,-8.08e-06,0.005,46,0,50,3.6
847,0.0016,-8.06e-06,0.005,46,0,50,3.6
848,0.0008,-8.040000000000001e-06,0.005,46,0,50,3.6
849,0.0008,-8.020000000000001e-06,0.005,46,0,50,3.6
850,0.0012000000000000001,-8.000000000000001e-06,0.005,46,0,50,3.6
851,0.0016,-7.980000000000002e-06,0.005,46,0,50,3.6
852,0.0012000000000000001,-7.960000000000002e-06,0.005,46,0,50,3.6
853,0.0012000000000000001,-7.940000000000002e-06,0.005,46,0,50,3.6
854,0.0012000000000000001,-7.920000000000002e-06,0.005,46,0,50,3.6
855,0.0008,-7.900000000000002e-06,0.005,46,0,50,3.6
856,-0.0008,-7.880000000000002e-06,0.005,46,0,50,3.6
857,0.0008,-7.86e-06,0.005,46,0,50,3.6
858,0.0012000000000000001,-7.84e-06,0.005,46,0,50,3.6
859,0.0012000000000000001,-7.82e-06,0.005,46,0,50,3.6
860,0.0,-7.8e-06,0.005,46,0,50,3.6
861,0.0,-7.78e-06,0.005,46,0,50,3.6
862,0.0008,-7.76e-06,0.005,46,0,50,3.6
863,0.002,-7.74e-06,0.005,46,0,50,3.6
864,0.0008,-7.72e-06,0.005,46,0,50,3.6
865,0.0004,-7.7e-06,0.005,46,0,50,3.6
866,0.0012000000000000001,-7.680000000000001e-06,0.005,46,0,50,3.6
867,0.0016,-7.660000000000001e-06,0.005,46,0,50,3.6
868,0.0008,-7.640000000000001e-06,0.005,46,0,50,3.6
869,0.0008,-7.620000000000002e-06,0.005,46,0,50,3.6
870,0.0016,-7.600000000000002e-06,0.005,46,0,50,3.6
871,0.0016,-7.580000000000002e-06,0.005,46,0,50,3.6
872,0.0008,-7.560000000000002e-06,0.005,46,0,50,3.6
873,0.0008,-7.540000000000002e-06,0.005,46,0,50,3.6
874,0.0004,-7.519999999999999e-06,0.005,46,0,50,3.6
875,0.0012000000000000001,-7.499999999999999e-06,0.005,46,0,50,3.6
876,0.0004,-7.4799999999999995e-06,0.005,46,0,50,3.6
877,0.002,-7.46e-06,0.005,46,0,50,3.6
878,0.0012000000000000001,-7.44e-06,0.005,46,0,50,3.6
879,0.0012000000000000001,-7.42e-06,0.005,46,0,50,3.6
880,0.0,-7.4e-06,0.005,46,0,50,3.6
881,0.0,-7.3800000000000005e-06,0.005,46,0,50,3.6
882,0.0004,-7.360000000000001e-06,0.005,46,0,50,3.6
883,0.0008,-7.340000000000001e-06,0.005,46,0,50,3.6
884,0.0004,-7.320000000000001e-06,0.005,46,0,50,3.6
885,0.0,-7.300000000000001e-06,0.005,46,0,50,3.6
886,0.0,-7.2800000000000014e-06,0.005,46,0,50,3.6
887,0.0008,-7.260000000000002e-06,0.005,46,0,50,3.6
888,0.0008,-7.240000000000002e-06,0.005,46,0,50,3.6
889,0.0008,-7.220000000000002e-06,0.005,46,0,50,3.6
890,0.0,-7.200000000000002e-06,0.005,46,0,50,3.6
891,0.0,-7.180000000000002e-06,0.005,46,0,50,3.6
892,0.0,-7.159999999999999e-06,0.005,46,0,50,3.6
893,0.0004,-7.139999999999999e-06,0.005,46,0,50,3.6
894,0.0004,-7.12e-06,0.005,46,0,50,3.6
895,0.0004,-7.1e-06,0.005,46,0,50,3.6
896,0.0008,-7.08e-06,0.005,46,0,50,3.6
897,-0.0004,-7.06e-06,0.005,46,0,50,3.6
898,0.0004,-7.04e-06,0.005,46,0,50,3.6
899,0.0012000000000000001,-7.0200000000000006e-06,0.005,46,0,50,3.6
900,0.0016,-7.000000000000001e-06,0.005,46,0,50,3.6
901,0.0008,-6.980000000000001e-06,0.005,46,0,50,3.6
902,0.0004,-6.960000000000001e-06,0.005,46,0,50,3.6
903,0.0012000000000000001,-6.940000000000001e-06,0.005,46,0,50,3.6
904,0.0016,-6.9200000000000015e-06,0.005,46,0,50,3.6
905,0.0012000000000000001,-6.900000000000002e-06,0.005,46,0,50,3.6
906,0.0016,-6.880000000000002e-06,0.005,46,0,50,3.6
907,0.0008,-6.860000000000002e-06,0.005,46,0,50,3.6
908,0.0016,-6.840000000000002e-06,0.005,46,0,50,3.6
909,0.0008,-6.8200000000000025e-06,0.005,46,0,50,3.6
910,0.0008,-6.799999999999999e-06,0.005,46,0,50,3.6
911,0.0008,-6.7799999999999995e-06,0.005,46,0,50,3.6
912,0.0012000000000000001,-6.76e-06,0.005,46,0,50,3.6
913,0.0012000000000000001,-6.74e-06,0.005,46,0,50,3.6
914,0.0016,-6.72e-06,0.005,46,0,50,3.6
915,0.0012000000000000001,-6.7e-06,0.005,46,0,50,3.6
916,0.0016,-6.68e-06,0.005,46,0,50,3.6
917,0.0008,-6.660000000000001e-06,0.005,46,0,50,3.6
918,0.0008,-6.640000000000001e-06,0.005,46,0,50,3.6
919,0.0012000000000000001,-6.620000000000001e-06,0.005,46,0,50,3.6
920,0.0004,-6.600000000000001e-06,0.005,46,0,50,3.6
921,0.0004,-6.580000000000001e-06,0.005,46,0,50,3.6
922,0.0004,-6.5600000000000016e-06,0.005,46,0,50,3.6
923,0.0004,-6.540000000000002e-06,0.005,46,0,50,3.6
924,0.0016,-6.520000000000002e-06,0.005,46,0,50,3.6
925,0.0012000000000000001,-6.500000000000002e-06,0.005,46,0,50,3.6
926,0.0,-6.480000000000002e-06,0.005,46,0,50,3.6
927,-0.0004,-6.459999999999999e-06,0.005,46,0,50,3.6
928,0.0004,-6.439999999999999e-06,0.005,46,0,50,3.6
929,0.0012000000000000001,-6.4199999999999995e-06,0.005,46,0,50,3.6
930,0.0004,-6.4e-06,0.005,46,0,50,3.6
931,0.0004,-6.38e-06,0.005,46,0,50,3.6
932,0.0012000000000000001,-6.36e-06,0.005,46,0,50,3.6
933,0.0004,-6.34e-06,0.005,46,0,50,3.6
934,0.0012000000000000001,-6.3200000000000005e-06,0.005,46,0,50,3.6
935,0.0008,-6.300000000000001e-06,0.005,46,0,50,3.6
936,0.0012000000000000001,-6.280000000000001e-06,0.005,46,0,50,3.6
937,0.0,-6.260000000000001e-06,0.005,46,0,50,3.6
938,-0.0008,-6.240000000000001e-06,0.005,46,0,50,3.6
939,0.0004,-6.2200000000000014e-06,0.005,46,0,50,3.6
940,0.0004,-6.200000000000002e-06,0.005,46,0,50,3.6
941,0.0004,-6.180000000000002e-06,0.005,46,0,50,3.6
942,-0.0008,-6.160000000000002e-06,0.005,46,0,50,3.6
943,0.0,-6.140000000000002e-06,0.005,46,0,50,3.6
944,0.0,-6.120000000000002e-06,0.005,46,0,50,3.6
945,0.0008,-6.099999999999999e-06,0.005,46,0,50,3.6
946,0.0008,-6.079999999999999e-06,0.005,46,0,50,3.6
947,-0.0012000000000000001,-6.06e-06,0.005,46,0,50,3.6
948,-0.0008,-6.04e-06,0.005,46,0,50,3.6
949,0.0008,-6.02e-06,0.005,46,0,50,3.6
950,0.0008,-6e-06,0.005,46,0,50,3.6
951,0.0004,-5.98e-06,0.005,46,0,50,3.6
952,-0.0004,-5.9600000000000005e-06,0.005,46,0,50,3.6
953,0.0012000000000000001,-5.940000000000001e-06,0.005,46,0,50,3.6
954,0.0008,-5.920000000000001e-06,0.005,46,0,50,3.6
955,0.0008,-5.900000000000001e-06,0.005,46,0,50,3.6
956,-0.0004,-5.880000000000001e-06,0.005,46,0,50,3.6
957,0.0,-5.8600000000000015e-06,0.005,46,0,50,3.6
958,-0.0008,-5.840000000000002e-06,0.005,46,0,50,3.6
959,-0.0004,-5.820000000000002e-06,0.005,46,0,50,3.6
960,0.0004,-5.800000000000002e-06,0.005,46,0,50,3.6
961,0.0012000000000000001,-5.780000000000002e-06,0.005,46,0,50,3.6
962,0.0008,-5.7600000000000024e-06,0.005,46,0,50,3.6
963,0.0008,-5.739999999999999e-06,0.005,46,0,50,3.6
964,0.0012000000000000001,-5.7199999999999994e-06,0.005,46,0,50,3.6
965,0.002,-5.7e-06,0.005,46,0,50,3.6
966,0.0012000000000000001,-5.68e-06,0.005,46,0,50,3.6
967,0.0008,-5.66e-06,0.005,46,0,50,3.6
968,-0.0008,-5.64e-06,0.005,46,0,50,3.6
969,0.0012000000000000001,-5.62e-06,0.005,46,0,50,3.6
970,0.0024000000000000002,-5.600000000000001e-06,0.005,46,0,50,3.6
971,0.0012000000000000001,-5.580000000000001e-06,0.005,46,0,50,3.6
972,0.0012000000000000001,-5.560000000000001e-06,0.005,46,0,50,3.6
973,0.0012000000000000001,-5.540000000000001e-06,0.005,46,0,50,3.6
974,0.002,-5.520000000000001e-06,0.005,46,0,50,3.6
975,0.0004,-5.5000000000000016e-06,0.005,46,0,50,3.6
976,0.0004,-5.480000000000002e-06,0.005,46,0,50,3.6
977,0.0004,-5.460000000000002e-06,0.005,46,0,50,3.6
978,0.0004,-5.440000000000002e-06,0.005,46,0,50,3.6
979,0.0004,-5.420000000000002e-06,0.005,46,0,50,3.6
980,0.0008,-5.399999999999999e-06,0.005,46,0,50,3.6
981,0.0012000000000000001,-5.379999999999999e-06,0.005,46,0,50,3.6
982,0.0016,-5.3599999999999995e-06,0.005,46,0,50,3.6
983,0.0004,-5.34e-06,0.005,46,0,50,3.6
984,0.0,-5.32e-06,0.005,46,0,50,3.6
985,0.0004,-5.3e-06,0.005,46,0,50,3.6
986,0.0012000000000000001,-5.28e-06,0.005,46,0,50,3.6
987,0.0008,-5.2600000000000005e-06,0.005,46,0,50,3.6
988,0.0008,-5.240000000000001e-06,0.005,46,0,50,3.6
989,0.0,-5.220000000000001e-06,0.005,46,0,50,3.6
990,0.0012000000000000001,-5.200000000000001e-06,0.005,46,0,50,3.6
991,0.0008,-5.180000000000001e-06,0.005,46,0,50,3.6
992,0.0008,-5.160000000000001e-06,0.005,46,0,50,3.6
993,-0.0004,-5.140000000000002e-06,0.005,46,0,50,3.6
994,0.0,-5.120000000000002e-06,0.005,46,0,50,3.6
995,0.0012000000000000001,-5.100000000000002e-06,0.005,46,0,50,3.6
996,0.0012000000000000001,-5.080000000000002e-06,0.005,46,0,50,3.6
997,0.0012000000000000001,-5.060000000000002e-06,0.005,46,0,50,3.6
998,0.0004,-5.039999999999999e-06,0.005,46,0,50,3.6
999,0.0004,-5.019999999999999e-06,0.005,46,0,50,3.6
1000,0.0,-4.9999999999999996e-06,0.005,46,0,50,3.6
1001,0.0008,-4.98e-06,0.005,46,0,50,3.6
1002,0.0008,-4.96e-06,0.005,46,0,50,3.6
1003,0.0008,-4.94e-06,0.005,46,0,50,3.6
1004,-0.0004,-4.92e-06,0.005,46,0,50,3.6
1005,0.0004,-4.9000000000000005e-06,0.005,46,0,50,3.6
1006,0.0016,-4.880000000000001e-06,0.005,46,0,50,3.6
1007,0.002,-4.860000000000001e-06,0.005,46,0,50,3.6
1008,0.0012000000000000001,-4.840000000000001e-06,0.005,46,0,50,3.6
1009,0.0004,-4.820000000000001e-06,0.005,46,0,50,3.6
1010,0.0008,-4.8000000000000015e-06,0.005,46,0,50,3.6
1011,0.0016,-4.780000000000002e-06,0.005,46,0,50,3.6
1012,0.002,-4.760000000000002e-06,0.005,46,0,50,3.6
1013,0.0008,-4.740000000000002e-06,0.005,46,0,50,3.6
1014,0.0008,-4.720000000000002e-06,0.005,46,0,50,3.6
1015,0.0012000000000000001,-4.7000000000000024e-06,0.005,46,0,50,3.6
1016,0.0016,-4.679999999999999e-06,0.005,46,0,50,3.6
1017,0.0008,-4.6599999999999994e-06,0.005,46,0,50,3.6
1018,0.0008,-4.64e-06,0.005,46,0,50,3.6
1019,0.0,-4.62e-06,0.005,46,0,50,3.6
1020,0.0004,-4.6e-06,0.005,46,0,50,3.6
1021,0.0004,-4.58e-06,0.005,46,0,50,3.6
1022,0.0012000000000000001,-4.56e-06,0.005,46,0,50,3.6
1023,0.0016,-4.540000000000001e-06,0.005,46,0,50,3.6
1024,0.0004,-4.520000000000001e-06,0.005,46,0,50,3.6
1025,0.0004,-4.500000000000001e-06,0.005,46,0,50,3.6
1026,0.0,-4.480000000000001e-06,0.005,46,0,50,3.6
1027,0.0012000000000000001,-4.460000000000001e-06,0.005,46,0,50,3.6
1028,0.0,-4.4400000000000015e-06,0.005,46,0,50,3.6
1029,-0.0004,-4.420000000000002e-06,0.005,46,0,50,3.6
1030,0.0,-4.400000000000002e-06,0.005,46,0,50,3.6
1031,0.0008,-4.380000000000002e-06,0.005,46,0,50,3.6
1032,0.0008,-4.360000000000002e-06,0.005,46,0,50,3.6
1033,0.0008,-4.339999999999999e-06,0.005,46,0,50,3.6
1034,0.0012000000000000001,-4.319999999999999e-06,0.005,46,0,50,3.6
1035,0.0004,-4.2999999999999995e-06,0.005,46,0,50,3.6
1036,0.0008,-4.28e-06,0.005,46,0,50,3.6
1037,0.0004,-4.26e-06,0.005,46,0,50,3.6
1038,-0.0008,-4.24e-06,0.005,46,0,50,3.6
1039,-0.0004,-4.22e-06,0.005,46,0,50,3.6
1040,0.0,-4.2000000000000004e-06,0.005,46,0,50,3.6
1041,0.0,-4.180000000000001e-06,0.005,46,0,50,3.6
1042,0.0008,-4.160000000000001e-06,0.005,46,0,50,3.6
1043,0.0008,-4.140000000000001e-06,0.005,46,0,50,3.6
1044,0.0012000000000000001,-4.120000000000001e-06,0.005,46,0,50,3.6
1045,0.0004,-4.100000000000001e-06,0.005,46,0,50,3.6
1046,0.0008,-4.080000000000002e-06,0.005,46,0,50,3.6
1047,0.0004,-4.060000000000002e-06,0.005,46,0,50,3.6
1048,0.002,-4.040000000000002e-06,0.005,46,0,50,3.6
1049,0.0012000000000000001,-4.020000000000002e-06,0.005,46,0,50,3.6
1050,0.0,-4.000000000000002e-06,0.005,46,0,50,3.6
1051,0.0008,-3.979999999999999e-06,0.005,46,0,50,3.6
1052,0.0016,-3.959999999999999e-06,0.005,46,0,50,3.6
1053,0.0012000000000000001,-3.9399999999999995e-06,0.005,46,0,50,3.6
1054,0.0,-3.92e-06,0.005,46,0,50,3.6
1055,0.0,-3.9e-06,0.005,46,0,50,3.6
1056,0.0012000000000000001,-3.88e-06,0.005,46,0,50,3.6
1057,0.0008,-3.86e-06,0.005,46,0,50,3.6
1058,0.0008,-3.8400000000000005e-06,0.005,46,0,50,3.6
1059,0.0004,-3.820000000000001e-06,0.005,46,0,50,3.6
1060,0.0008,-3.800000000000001e-06,0.005,46,0,50,3.6
1061,0.0008,-3.780000000000001e-06,0.005,46,0,50,3.6
1062,0.0004,-3.7600000000000013e-06,0.005,46,0,50,3.6
1063,0.0008,-3.7400000000000015e-06,0.005,46,0,50,3.6
1064,0.0012000000000000001,-3.7200000000000017e-06,0.005,46,0,50,3.6
1065,0.0,-3.700000000000002e-06,0.005,46,0,50,3.6
1066,0.0004,-3.680000000000002e-06,0.005,46,0,50,3.6
1067,0.0012000000000000001,-3.6600000000000022e-06,0.005,46,0,50,3.6
1068,0.002,-3.6400000000000024e-06,0.005,46,0,50,3.6
1069,0.0012000000000000001,-3.6199999999999992e-06,0.005,46,0,50,3.6
1070,0.0008,-3.5999999999999994e-06,0.005,46,0,50,3.6
1071,0.0012000000000000001,-3.5799999999999996e-06,0.005,46,0,50,3.6
1072,0.002,-3.56e-06,0.005,46,0,50,3.6
1073,0.002,-3.54e-06,0.005,46,0,50,3.6
1074,0.002,-3.52e-06,0.005,46,0,50,3.6
1075,0.0008,-3.5000000000000004e-06,0.005,46,0,50,3.6
1076,0.0004,-3.4800000000000006e-06,0.005,46,0,50,3.6
1077,0.0004,-3.4600000000000008e-06,0.005,46,0,50,3.6
1078,0.0008,-3.440000000000001e-06,0.005,46,0,50,3.6
1079,0.0012000000000000001,-3.420000000000001e-06,0.005,46,0,50,3.6
1080,0.0008,-3.4000000000000013e-06,0.005,46,0,50,3.6
1081,0.0012000000000000001,-3.3800000000000015e-06,0.005,46,0,50,3.6
1082,0.0008,-3.3600000000000017e-06,0.005,46,0,50,3.6
1083,0.0004,-3.340000000000002e-06,0.005,46,0,50,3.6
1084,0.0008,-3.320000000000002e-06,0.005,46,0,50,3.6
1085,0.0008,-3.3000000000000023e-06,0.005,46,0,50,3.6
1086,0.0008,-3.279999999999999e-06,0.005,46,0,50,3.6
1087,0.0004,-3.2599999999999993e-06,0.005,46,0,50,3.6
1088,0.0004,-3.2399999999999995e-06,0.005,46,0,50,3.6
1089,0.0004,-3.2199999999999997e-06,0.005,46,0,50,3.6
1090,0.0008,-3.2e-06,0.005,46,0,50,3.6
1091,-0.0008,-3.18e-06,0.005,46,0,50,3.6
1092,0.0,-3.1600000000000002e-06,0.005,46,0,50,3.6
1093,0.0012000000000000001,-3.1400000000000004e-06,0.005,46,0,50,3.6
1094,0.0016,-3.1200000000000006e-06,0.005,46,0,50,3.6
1095,0.0008,-3.100000000000001e-06,0.005,46,0,50,3.6
1096,-0.0004,-3.080000000000001e-06,0.005,46,0,50,3.6
1097,0.0008,-3.060000000000001e-06,0.005,46,0,50,3.6
1098,0.0008,-3.0400000000000014e-06,0.005,46,0,50,3.6
1099,0.0008,-3.0200000000000016e-06,0.005,46,0,50,3.6
1100,0.0008,-3.0000000000000018e-06,0.005,46,0,50,3.6
1101,0.0016,-2.980000000000002e-06,0.005,46,0,50,3.6
1102,0.0012000000000000001,-2.960000000000002e-06,0.005,46,0,50,3.6
1103,0.0012000000000000001,-2.9400000000000023e-06,0.005,46,0,50,3.6
1104,0.002,-2.919999999999999e-06,0.005,46,0,50,3.6
1105,0.0012000000000000001,-2.8999999999999993e-06,0.005,46,0,50,3.6
1106,0.0008,-2.8799999999999995e-06,0.005,46,0,50,3.6
1107,0.0004,-2.8599999999999997e-06,0.005,46,0,50,3.6
1108,0.0008,-2.84e-06,0.005,46,0,50,3.6
1109,0.002,-2.82e-06,0.005,46,0,50,3.6
1110,0.0024000000000000002,-2.8000000000000003e-06,0.005,46,0,50,3.6
1111,0.0012000000000000001,-2.7800000000000005e-06,0.005,46,0,50,3.6
1112,0.0008,-2.7600000000000007e-06,0.005,46,0,50,3.6
1113,0.0012000000000000001,-2.740000000000001e-06,0.005,46,0,50,3.6
1114,0.0024000000000000002,-2.720000000000001e-06,0.005,46,0,50,3.6
1115,0.002,-2.7000000000000013e-06,0.005,46,0,50,3.6
1116,0.0012000000000000001,-2.6800000000000014e-06,0.005,46,0,50,3.6
1117,0.0016,-2.6600000000000016e-06,0.005,46,0,50,3.6
1118,0.0012000000000000001,-2.640000000000002e-06,0.005,46,0,50,3.6
1119,0.0016,-2.620000000000002e-06,0.005,46,0,50,3.6
1120,0.0012000000000000001,-2.600000000000002e-06,0.005,46,0,50,3.6
1121,0.0016,-2.5800000000000024e-06,0.005,46,0,50,3.6
1122,0.0016,-2.559999999999999e-06,0.005,46,0,50,3.6
1123,0.002,-2.5399999999999994e-06,0.005,46,0,50,3.6
1124,0.0012000000000000001,-2.5199999999999996e-06,0.005,46,0,50,3.6
1125,0.0016,-2.4999999999999998e-06,0.005,46,0,50,3.6
1126,0.0012000000000000001,-2.48e-06,0.005,46,0,50,3.6
1127,0.0012000000000000001,-2.46e-06,0.005,46,0,50,3.6
1128,0.0004,-2.4400000000000004e-06,0.005,46,0,50,3.6
1129,0.002,-2.4200000000000005e-06,0.005,46,0,50,3.6
1130,0.0012000000000000001,-2.4000000000000007e-06,0.005,46,0,50,3.6
1131,0.0004,-2.380000000000001e-06,0.005,46,0,50,3.6
1132,-0.0004,-2.360000000000001e-06,0.005,46,0,50,3.6
1133,0.0012000000000000001,-2.3400000000000013e-06,0.005,46,0,50,3.6
1134,0.0012000000000000001,-2.3200000000000015e-06,0.005,46,0,50,3.6
1135,0.0024000000000000002,-2.3000000000000017e-06,0.005,46,0,50,3.6
1136,0.0008,-2.280000000000002e-06,0.005,46,0,50,3.6
1137,0.0008,-2.260000000000002e-06,0.005,46,0,50,3.6
1138,0.0008,-2.2400000000000023e-06,0.005,46,0,50,3.6
1139,0.0016,-2.219999999999999e-06,0.005,46,0,50,3.6
1140,0.0008,-2.1999999999999993e-06,0.005,46,0,50,3.6
1141,-0.0008,-2.1799999999999995e-06,0.005,46,0,50,3.6
1142,-0.0004,-2.1599999999999996e-06,0.005,46,0,50,3.6
1143,0.0016,-2.14e-06,0.005,46,0,50,3.6
1144,0.0016,-2.12e-06,0.005,46,0,50,3.6
1145,0.0012000000000000001,-2.1000000000000002e-06,0.005,46,0,50,3.6
1146,0.0012000000000000001,-2.0800000000000004e-06,0.005,46,0,50,3.6
1147,0.0008,-2.0600000000000006e-06,0.005,46,0,50,3.6
1148,0.0004,-2.040000000000001e-06,0.005,46,0,50,3.6
1149,0.0004,-2.020000000000001e-06,0.005,46,0,50,3.6
1150,0.0012000000000000001,-2.000000000000001e-06,0.005,46,0,50,3.6
1151,0.0016,-1.9800000000000014e-06,0.005,46,0,50,3.6
1152,0.0008,-1.9600000000000016e-06,0.005,46,0,50,3.6
1153,-0.0004,-1.9400000000000018e-06,0.005,46,0,50,3.6
1154,0.0008,-1.920000000000002e-06,0.005,46,0,50,3.6
1155,0.0008,-1.9000000000000021e-06,0.005,46,0,50,3.6
1156,0.0008,-1.8800000000000023e-06,0.005,46,0,50,3.6
1157,-0.0004,-1.8599999999999991e-06,0.005,46,0,50,3.6
1158,0.0,-1.8399999999999993e-06,0.005,46,0,50,3.6
1159,0.0008,-1.8199999999999995e-06,0.005,46,0,50,3.6
1160,0.0016,-1.7999999999999997e-06,0.005,46,0,50,3.6
1161,0.0012000000000000001,-1.78e-06,0.005,46,0,50,3.6
1162,0.0,-1.76e-06,0.005,46,0,50,3.6
1163,0.0008,-1.7400000000000003e-06,0.005,46,0,50,3.6
1164,0.0012000000000000001,-1.7200000000000005e-06,0.005,46,0,50,3.6
1165,0.0012000000000000001,-1.7000000000000007e-06,0.005,46,0,50,3.6
1166,0.0008,-1.6800000000000009e-06,0.005,46,0,50,3.6
1167,0.0024000000000000002,-1.660000000000001e-06,0.005,46,0,50,3.6
1168,0.0016,-1.6400000000000012e-06,0.005,46,0,50,3.6
1169,0.0004,-1.6200000000000014e-06,0.005,46,0,50,3.6
1170,0.002,-1.6000000000000016e-06,0.005,46,0,50,3.6
1171,0.002,-1.5800000000000018e-06,0.005,46,0,50,3.6
1172,0.002,-1.560000000000002e-06,0.005,46,0,50,3.6
1173,0.0008,-1.5400000000000022e-06,0.005,46,0,50,3.6
1174,0.0004,-1.5200000000000024e-06,0.005,46,0,50,3.6
1175,0.0004,-1.4999999999999992e-06,0.005,46,0,50,3.6
1176,0.0008,-1.4799999999999994e-06,0.005,46,0,50,3.6
1177,0.0,-1.4599999999999996e-06,0.005,46,0,50,3.6
1178,0.0004,-1.4399999999999998e-06,0.005,46,0,50,3.6
1179,0.002,-1.42e-06,0.005,46,0,50,3.6
1180,0.002,-1.4000000000000001e-06,0.005,46,0,50,3.6
1181,0.002,-1.3800000000000003e-06,0.005,46,0,50,3.6
1182,0.0008,-1.3600000000000005e-06,0.005,46,0,50,3.6
1183,0.0008,-1.3400000000000007e-06,0.005,46,0,50,3.6
1184,0.0008,-1.320000000000001e-06,0.005,46,0,50,3.6
1185,0.0012000000000000001,-1.300000000000001e-06,0.005,46,0,50,3.6
1186,0.0012000000000000001,-1.2800000000000013e-06,0.005,46,0,50,3.6
1187,0.0016,-1.2600000000000015e-06,0.005,46,0,50,3.6
1188,0.0016,-1.2400000000000017e-06,0.005,46,0,50,3.6
1189,0.0008,-1.2200000000000019e-06,0.005,46,0,50,3.6
1190,0.0004,-1.200000000000002e-06,0.005,46,0,50,3.6
1191,0.0008,-1.1800000000000023e-06,0.005,46,0,50,3.6
1192,0.0012000000000000001,-1.159999999999999e-06,0.005,46,0,50,3.6
1193,0.0016,-1.1399999999999992e-06,0.005,46,0,50,3.6
1194,0.0008,-1.1199999999999994e-06,0.005,46,0,50,3.6
1195,0.0008,-1.0999999999999996e-06,0.005,46,0,50,3.6
1196,0.0024000000000000002,-1.0799999999999998e-06,0.005,46,0,50,3.6
1197,0.0012000000000000001,-1.06e-06,0.005,46,0,50,3.6
1198,0.0,-1.0400000000000002e-06,0.005,46,0,50,3.6
1199,-0.0008,-1.0200000000000004e-06,0.005,46,0,50,3.6
1200,0.0012000000000000001,-1.0000000000000006e-06,0.005,46,0,50,3.6
1201,0.0004,-9.800000000000008e-07,0.005,46,0,50,3.6
1202,-0.0004,-9.60000000000001e-07,0.005,46,0,50,3.6
1203,0.0,-9.400000000000012e-07,0.005,46,0,50,3.6
1204,0.0008,-9.200000000000014e-07,0.005,46,0,50,3.6
1205,0.0012000000000000001,-9.000000000000015e-07,0.005,46,0,50,3.6
1206,0.0016,-8.800000000000017e-07,0.005,46,0,50,3.6
1207,0.0016,-8.600000000000019e-07,0.005,46,0,50,3.6
1208,0.0008,-8.400000000000021e-07,0.005,46,0,50,3.6
1209,0.0012000000000000001,-8.200000000000023e-07,0.005,46,0,50,3.6
1210,0.0008,-7.999999999999991e-07,0.005,46,0,50,3.6
1211,0.0012000000000000001,-7.799999999999993e-07,0.005,46,0,50,3.6
1212,0.0008,-7.599999999999995e-07,0.005,46,0,50,3.6
1213,0.0016,-7.399999999999997e-07,0.005,46,0,50,3.6
1214,0.0016,-7.199999999999999e-07,0.005,46,0,50,3.6
1215,0.0008,-7.000000000000001e-07,0.005,46,0,50,3.6
1216,0.0012000000000000001,-6.800000000000003e-07,0.005,46,0,50,3.6
1217,0.0016,-6.600000000000005e-07,0.005,46,0,50,3.6
1218,0.0004,-6.400000000000006e-07,0.005,46,0,50,3.6
1219,0.0008,-6.200000000000008e-07,0.005,46,0,50,3.6
1220,0.0004,-6.00000000000001e-07,0.005,46,0,50,3.6
1221,0.0016,-5.800000000000012e-07,0.005,46,0,50,3.6
1222,0.0008,-5.600000000000014e-07,0.005,46,0,50,3.6
1223,0.0004,-5.400000000000016e-07,0.005,46,0,50,3.6
1224,0.0004,-5.200000000000018e-07,0.005,46,0,50,3.6
1225,0.0008,-5.00000000000002e-07,0.005,46,0,50,3.6
1226,0.0004,-4.800000000000022e-07,0.005,46,0,50,3.6
1227,0.0008,-4.6000000000000237e-07,0.005,46,0,50,3.6
1228,0.0008,-4.399999999999992e-07,0.005,46,0,50,3.6
1229,0.0008,-4.1999999999999937e-07,0.005,46,0,50,3.6
1230,0.0008,-3.9999999999999956e-07,0.005,46,0,50,3.6
1231,0.0012000000000000001,-3.7999999999999975e-07,0.005,46,0,50,3.6
1232,0.0016,-3.5999999999999994e-07,0.005,46,0,50,3.6
1233,0.0016,-3.4000000000000013e-07,0.005,46,0,50,3.6
1234,0.0008,-3.200000000000003e-07,0.005,46,0,50,3.6
1235,-0.0004,-3.000000000000005e-07,0.005,46,0,50,3.6
1236,0.0,-2.800000000000007e-07,0.005,46,0,50,3.6
1237,0.0008,-2.600000000000009e-07,0.005,46,0,50,3.6
1238,0.0012000000000000001,-2.400000000000011e-07,0.005,46,0,50,3.6
1239,0.0,-2.2000000000000128e-07,0.005,46,0,50,3.6
1240,0.0004,-2.0000000000000147e-07,0.005,46,0,50,3.6
1241,0.0008,-1.8000000000000166e-07,0.005,46,0,50,3.6
1242,0.0016,-1.6000000000000186e-07,0.005,46,0,50,3.6
1243,0.0008,-1.4000000000000205e-07,0.005,46,0,50,3.6
1244,-0.0008,-1.2000000000000224e-07,0.005,46,0,50,3.6
1245,0.0008,-9.999999999999904e-08,0.005,46,0,50,3.6
1246,0.0004,-7.999999999999923e-08,0.005,46,0,50,3.6
1247,0.0016,-5.999999999999943e-08,0.005,46,0,50,3.6
1248,0.0004,-3.999999999999962e-08,0.005,46,0,50,3.6
1249,0.0012000000000000001,-1.999999999999981e-08,0.005,46,0,50,3.6
1250,0.0012000000000000001,0.0,0.005,46,0,50,3.6
1251,0.0016,1.999999999999981e-08,0.005,46,0,50,3.6
1252,0.0016,3.999999999999962e-08,0.005,46,0,50,3.6
1253,0.0012000000000000001,5.999999999999943e-08,0.005,46,0,50,3.6
1254,0.0012000000000000001,7.999999999999923e-08,0.005,46,0,50,3.6
1255,0.0008,9.999999999999904e-08,0.005,46,0,50,3.6
1256,0.0,1.1999999999999885e-07,0.005,46,0,50,3.6
1257,0.0,1.3999999999999866e-07,0.005,46,0,50,3.6
1258,0.0016,1.5999999999999847e-07,0.005,46,0,50,3.6
1259,0.0004,1.7999999999999828e-07,0.005,46,0,50,3.6
1260,0.0004,1.9999999999999809e-07,0.005,46,0,50,3.6
1261,0.0012000000000000001,2.199999999999979e-07,0.005,46,0,50,3.6
1262,0.0016,2.399999999999977e-07,0.005,46,0,50,3.6
1263,0.0016,2.600000000000009e-07,0.005,46,0,50,3.6
1264,0.0004,2.800000000000007e-07,0.005,46,0,50,3.6
1265,0.0,3.000000000000005e-07,0.005,46,0,50,3.6
1266,0.0024000000000000002,3.200000000000003e-07,0.005,46,0,50,3.6
1267,0.0024000000000000002,3.4000000000000013e-07,0.005,46,0,50,3.6
1268,0.0008,3.5999999999999994e-07,0.005,46,0,50,3.6
1269,0.0004,3.7999999999999975e-07,0.005,46,0,50,3.6
1270,0.0016,3.9999999999999956e-07,0.005,46,0,50,3.6
1271,0.0012000000000000001,4.1999999999999937e-07,0.005,46,0,50,3.6
1272,0.0004,4.399999999999992e-07,0.005,46,0,50,3.6
1273,0.0012000000000000001,4.59999999999999e-07,0.005,46,0,50,3.6
1274,0.0008,4.799999999999988e-07,0.005,46,0,50,3.6
1275,0.0004,4.999999999999986e-07,0.005,46,0,50,3.6
1276,0.0004,5.199999999999984e-07,0.005,46,0,50,3.6
1277,0.0004,5.399999999999982e-07,0.005,46,0,50,3.6
1278,0.0016,5.59999999999998e-07,0.005,46,0,50,3.6
1279,0.002,5.799999999999978e-07,0.005,46,0,50,3.6
1280,0.002,5.999999999999976e-07,0.005,46,0,50,3.6
1281,0.0004,6.200000000000008e-07,0.005,46,0,50,3.6
1282,0.0004,6.400000000000006e-07,0.005,46,0,50,3.6
1283,0.0012000000000000001,6.600000000000005e-07,0.005,46,0,50,3.6
1284,0.0016,6.800000000000003e-07,0.005,46,0,50,3.6
1285,0.0008,7.000000000000001e-07,0.005,46,0,50,3.6
1286,0.0008,7.199999999999999e-07,0.005,46,0,50,3.6
1287,0.0008,7.399999999999997e-07,0.005,46,0,50,3.6
1288,0.0012000000000000001,7.599999999999995e-07,0.005,46,0,50,3.6
1289,0.0008,7.799999999999993e-07,0.005,46,0,50,3.6
1290,0.0004,7.999999999999991e-07,0.005,46,0,50,3.6
1291,0.0,8.199999999999989e-07,0.005,46,0,50,3.6
1292,0.0012000000000000001,8.399999999999987e-07,0.005,46,0,50,3.6
1293,0.0004,8.599999999999985e-07,0.005,46,0,50,3.6
1294,0.0004,8.799999999999984e-07,0.005,46,0,50,3.6
1295,0.0004,8.999999999999982e-07,0.005,46,0,50,3.6
1296,0.0004,9.19999999999998e-07,0.005,46,0,50,3.6
1297,-0.0016,9.399999999999978e-07,0.005,46,0,50,3.6
1298,-0.0004,9.60000000000001e-07,0.005,46,0,50,3.6
1299,0.0008,9.800000000000008e-07,0.005,46,0,50,3.6
1300,0.0008,1.0000000000000006e-06,0.005,46,0,50,3.6
1301,-0.0008,1.0200000000000004e-06,0.005,46,0,50,3.6
1302,0.0,1.0400000000000002e-06,0.005,46,0,50,3.6
1303,0.0004,1.06e-06,0.005,46,0,50,3.6
1304,0.0004,1.0799999999999998e-06,0.005,46,0,50,3.6
1305,-0.0004,1.0999999999999996e-06,0.005,46,0,50,3.6
1306,-0.0008,1.1199999999999994e-06,0.005,46,0,50,3.6
1307,0.0,1.1399999999999992e-06,0.005,46,0,50,3.6
1308,0.0008,1.159999999999999e-06,0.005,46,0,50,3.6
1309,0.0008,1.1799999999999989e-06,0.005,46,0,50,3.6
1310,0.0004,1.1999999999999987e-06,0.005,46,0,50,3.6
1311,0.0012000000000000001,1.2199999999999985e-06,0.005,46,0,50,3.6
1312,-0.0004,1.2399999999999983e-06,0.005,46,0,50,3.6
1313,0.0008,1.259999999999998e-06,0.005,46,0,50,3.6
1314,0.0016,1.279999999999998e-06,0.005,46,0,50,3.6
1315,0.002,1.2999999999999977e-06,0.005,46,0,50,3.6
1316,0.0008,1.320000000000001e-06,0.005,46,0,50,3.6
1317,0.0,1.3400000000000007e-06,0.005,46,0,50,3.6
1318,0.0004,1.3600000000000005e-06,0.005,46,0,50,3.6
1319,0.0008,1.3800000000000003e-06,0.005,46,0,50,3.6
1320,0.0012000000000000001,1.4000000000000001e-06,0.005,46,0,50,3.6
1321,0.0004,1.42e-06,0.005,46,0,50,3.6
1322,0.0,1.4399999999999998e-06,0.005,46,0,50,3.6
1323,0.0008,1.4599999999999996e-06,0.005,46,0,50,3.6
1324,0.002,1.4799999999999994e-06,0.005,46,0,50,3.6
1325,0.0004,1.4999999999999992e-06,0.005,46,0,50,3.6
1326,0.0008,1.519999999999999e-06,0.005,46,0,50,3.6
1327,-0.0004,1.5399999999999988e-06,0.005,46,0,50,3.6
1328,0.0008,1.5599999999999986e-06,0.005,46,0,50,3.6
1329,0.0016,1.5799999999999984e-06,0.005,46,0,50,3.6
1330,0.002,1.5999999999999982e-06,0.005,46,0,50,3.6
1331,0.0008,1.619999999999998e-06,0.005,46,0,50,3.6
1332,0.0008,1.6399999999999979e-06,0.005,46,0,50,3.6
1333,0.0008,1.660000000000001e-06,0.005,46,0,50,3.6
1334,0.0008,1.6800000000000009e-06,0.005,46,0,50,3.6
1335,0.0008,1.7000000000000007e-06,0.005,46,0,50,3.6
1336,0.0012000000000000001,1.7200000000000005e-06,0.005,46,0,50,3.6
1337,0.0008,1.7400000000000003e-06,0.005,46,0,50,3.6
1338,-0.0004,1.76e-06,0.005,46,0,50,3.6
1339,0.0008,1.78e-06,0.005,46,0,50,3.6
1340,0.0,1.7999999999999997e-06,0.005,46,0,50,3.6
1341,0.0008,1.8199999999999995e-06,0.005,46,0,50,3.6
1342,0.0,1.8399999999999993e-06,0.005,46,0,50,3.6
1343,0.0,1.8599999999999991e-06,0.005,46,0,50,3.6
1344,0.0012000000000000001,1.879999999999999e-06,0.005,46,0,50,3.6
1345,0.0012000000000000001,1.8999999999999987e-06,0.005,46,0,50,3.6
1346,-0.0004,1.9199999999999986e-06,0.005,46,0,50,3.6
1347,-0.0004,1.9399999999999984e-06,0.005,46,0,50,3.6
1348,0.0,1.959999999999998e-06,0.005,46,0,50,3.6
1349,0.0004,1.979999999999998e-06,0.005,46,0,50,3.6
1350,0.0008,1.999999999999998e-06,0.005,46,0,50,3.6
1351,-0.0004,2.020000000000001e-06,0.005,46,0,50,3.6
1352,0.0004,2.040000000000001e-06,0.005,46,0,50,3.6
1353,0.0004,2.0600000000000006e-06,0.005,46,0,50,3.6
1354,0.0,2.0800000000000004e-06,0.005,46,0,50,3.6
1355,-0.0004,2.1000000000000002e-06,0.005,46,0,50,3.6
1356,-0.0004,2.12e-06,0.005,46,0,50,3.6
1357,0.0,2.14e-06,0.005,46,0,50,3.6
1358,-0.0004,2.1599999999999996e-06,0.005,46,0,50,3.6
1359,-0.0012000000000000001,2.1799999999999995e-06,0.005,46,0,50,3.6
1360,0.0,2.1999999999999993e-06,0.005,46,0,50,3.6
1361,0.0012000000000000001,2.219999999999999e-06,0.005,46,0,50,3.6
1362,0.0008,2.239999999999999e-06,0.005,46,0,50,3.6
1363,-0.0004,2.2599999999999987e-06,0.005,46,0,50,3.6
1364,-0.0008,2.2799999999999985e-06,0.005,46,0,50,3.6
1365,0.0012000000000000001,2.2999999999999983e-06,0.005,46,0,50,3.6
1366,0.0012000000000000001,2.319999999999998e-06,0.005,46,0,50,3.6
1367,0.0008,2.339999999999998e-06,0.005,46,0,50,3.6
1368,-0.0004,2.3599999999999977e-06,0.005,46,0,50,3.6
1369,0.0008,2.380000000000001e-06,0.005,46,0,50,3.6
1370,0.0012000000000000001,2.4000000000000007e-06,0.005,46,0,50,3.6
1371,0.0004,2.4200000000000005e-06,0.005,46,0,50,3.6
1372,0.0004,2.4400000000000004e-06,0.005,46,0,50,3.6
1373,0.0012000000000000001,2.46e-06,0.005,46,0,50,3.6
1374,0.0008,2.48e-06,0.005,46,0,50,3.6
1375,0.0004,2.4999999999999998e-06,0.005,46,0,50,3.6
1376,0.0012000000000000001,2.5199999999999996e-06,0.005,46,0,50,3.6
1377,0.0012000000000000001,2.5399999999999994e-06,0.005,46,0,50,3.6
1378,0.0004,2.559999999999999e-06,0.005,46,0,50,3.6
1379,0.0016,2.579999999999999e-06,0.005,46,0,50,3.6
1380,0.0004,2.599999999999999e-06,0.005,46,0,50,3.6
1381,0.0012000000000000001,2.6199999999999986e-06,0.005,46,0,50,3.6
1382,0.0016,2.6399999999999984e-06,0.005,46,0,50,3.6
1383,0.0012000000000000001,2.6599999999999982e-06,0.005,46,0,50,3.6
1384,0.0004,2.679999999999998e-06,0.005,46,0,50,3.6
1385,0.0012000000000000001,2.699999999999998e-06,0.005,46,0,50,3.6
1386,0.0016,2.720000000000001e-06,0.005,46,0,50,3.6
1387,0.0016,2.740000000000001e-06,0.005,46,0,50,3.6
1388,0.0,2.7600000000000007e-06,0.005,46,0,50,3.6
1389,0.0008,2.7800000000000005e-06,0.005,46,0,50,3.6
1390,0.0008,2.8000000000000003e-06,0.005,46,0,50,3.6
1391,0.002,2.82e-06,0.005,46,0,50,3.6
1392,0.0012000000000000001,2.84e-06,0.005,46,0,50,3.6
1393,0.0004,2.8599999999999997e-06,0.005,46,0,50,3.6
1394,0.0004,2.8799999999999995e-06,0.005,46,0,50,3.6
1395,0.0008,2.8999999999999993e-06,0.005,46,0,50,3.6
1396,0.0016,2.919999999999999e-06,0.005,46,0,50,3.6
1397,0.0016,2.939999999999999e-06,0.005,46,0,50,3.6
1398,0.002,2.9599999999999988e-06,0.005,46,0,50,3.6
1399,0.0008,2.9799999999999986e-06,0.005,46,0,50,3.6
1400,-0.0004,2.9999999999999984e-06,0.005,46,0,50,3.6
1401,0.0016,3.019999999999998e-06,0.005,46,0,50,3.6
1402,0.0016,3.039999999999998e-06,0.005,46,0,50,3.6
1403,0.0016,3.059999999999998e-06,0.005,46,0,50,3.6
1404,0.0004,3.080000000000001e-06,0.005,46,0,50,3.6
1405,0.0,3.100000000000001e-06,0.005,46,0,50,3.6
1406,0.0016,3.1200000000000006e-06,0.005,46,0,50,3.6
1407,0.0016,3.1400000000000004e-06,0.005,46,0,50,3.6
1408,0.0004,3.1600000000000002e-06,0.005,46,0,50,3.6
1409,0.0,3.18e-06,0.005,46,0,50,3.6
1410,0.0004,3.2e-06,0.005,46,0,50,3.6
1411,0.0016,3.2199999999999997e-06,0.005,46,0,50,3.6
1412,0.002,3.2399999999999995e-06,0.005,46,0,50,3.6
1413,0.0004,3.2599999999999993e-06,0.005,46,0,50,3.6
1414,0.0004,3.279999999999999e-06,0.005,46,0,50,3.6
1415,0.0008,3.299999999999999e-06,0.005,46,0,50,3.6
1416,0.0012000000000000001,3.3199999999999987e-06,0.005,46,0,50,3.6
1417,0.0008,3.3399999999999985e-06,0.005,46,0,50,3.6
1418,0.0008,3.3599999999999983e-06,0.005,46,0,50,3.6
1419,0.0008,3.379999999999998e-06,0.005,46,0,50,3.6
1420,-0.0004,3.399999999999998e-06,0.005,46,0,50,3.6
1421,0.0,3.4199999999999977e-06,0.005,46,0,50,3.6
1422,0.0012000000000000001,3.440000000000001e-06,0.005,46,0,50,3.6
1423,0.0016,3.4600000000000008e-06,0.005,46,0,50,3.6
1424,0.0004,3.4800000000000006e-06,0.005,46,0,50,3.6
1425,0.0008,3.5000000000000004e-06,0.005,46,0,50,3.6
1426,0.0012000000000000001,3.52e-06,0.005,46,0,50,3.6
1427,0.0008,3.54e-06,0.005,46,0,50,3.6
1428,0.0008,3.56e-06,0.005,46,0,50,3.6
1429,0.0004,3.5799999999999996e-06,0.005,46,0,50,3.6
1430,0.0016,3.5999999999999994e-06,0.005,46,0,50,3.6
1431,0.0012000000000000001,3.6199999999999992e-06,0.005,46,0,50,3.6
1432,0.0024000000000000002,3.639999999999999e-06,0.005,46,0,50,3.6
1433,0.0016,3.659999999999999e-06,0.005,46,0,50,3.6
1434,0.0012000000000000001,3.6799999999999986e-06,0.005,46,0,50,3.6
1435,0.0008,3.6999999999999985e-06,0.005,46,0,50,3.6
1436,0.0012000000000000001,3.7199999999999983e-06,0.005,46,0,50,3.6
1437,0.0004,3.739999999999998e-06,0.005,46,0,50,3.6
1438,0.0008,3.759999999999998e-06,0.005,46,0,50,3.6
1439,0.0008,3.780000000000001e-06,0.005,46,0,50,3.6
1440,0.0012000000000000001,3.800000000000001e-06,0.005,46,0,50,3.6
1441,0.0008,3.820000000000001e-06,0.005,46,0,50,3.6
1442,-0.0004,3.8400000000000005e-06,0.005,46,0,50,3.6
1443,0.0012000000000000001,3.86e-06,0.005,46,0,50,3.6
1444,0.0012000000000000001,3.88e-06,0.005,46,0,50,3.6
1445,0.0004,3.9e-06,0.005,46,0,50,3.6
1446,0.0,3.92e-06,0.005,46,0,50,3.6
1447,0.0008,3.9399999999999995e-06,0.005,46,0,50,3.6
1448,0.002,3.959999999999999e-06,0.005,46,0,50,3.6
1449,0.0012000000000000001,3.979999999999999e-06,0.005,46,0,50,3.6
1450,-0.0004,3.999999999999999e-06,0.005,46,0,50,3.6
1451,0.0,4.019999999999999e-06,0.005,46,0,50,3.6
1452,0.0008,4.039999999999999e-06,0.005,46,0,50,3.6
1453,0.0004,4.059999999999998e-06,0.005,46,0,50,3.6
1454,0.0004,4.079999999999998e-06,0.005,46,0,50,3.6
1455,0.0,4.099999999999998e-06,0.005,46,0,50,3.6
1456,0.0,4.119999999999998e-06,0.005,46,0,50,3.6
1457,0.0,4.140000000000001e-06,0.005,46,0,50,3.6
1458,0.0,4.160000000000001e-06,0.005,46,0,50,3.6
1459,0.0012000000000000001,4.180000000000001e-06,0.005,46,0,50,3.6
1460,0.0012000000000000001,4.2000000000000004e-06,0.005,46,0,50,3.6
1461,0.0008,4.22e-06,0.005,46,0,50,3.6
1462,0.0012000000000000001,4.24e-06,0.005,46,0,50,3.6
1463,0.0,4.26e-06,0.005,46,0,50,3.6
1464,0.0012000000000000001,4.28e-06,0.005,46,0,50,3.6
1465,0.0008,4.2999999999999995e-06,0.005,46,0,50,3.6
1466,-0.0008,4.319999999999999e-06,0.005,46,0,50,3.6
1467,0.0004,4.339999999999999e-06,0.005,46,0,50,3.6
1468,0.0016,4.359999999999999e-06,0.005,46,0,50,3.6
1469,0.0016,4.379999999999999e-06,0.005,46,0,50,3.6
1470,0.0016,4.3999999999999985e-06,0.005,46,0,50,3.6
1471,0.0016,4.419999999999998e-06,0.005,46,0,50,3.6
1472,0.0004,4.439999999999998e-06,0.005,46,0,50,3.6
1473,0.0012000000000000001,4.459999999999998e-06,0.005,46,0,50,3.6
1474,0.0008,4.479999999999998e-06,0.005,46,0,50,3.6
1475,0.0016,4.500000000000001e-06,0.005,46,0,50,3.6
1476,0.0008,4.520000000000001e-06,0.005,46,0,50,3.6
1477,0.0012000000000000001,4.540000000000001e-06,0.005,46,0,50,3.6
1478,0.0008,4.56e-06,0.005,46,0,50,3.6
1479,0.0012000000000000001,4.58e-06,0.005,46,0,50,3.6
1480,0.002,4.6e-06,0.005,46,0,50,3.6
1481,0.0012000000000000001,4.62e-06,0.005,46,0,50,3.6
1482,0.0004,4.64e-06,0.005,46,0,50,3.6
1483,0.0012000000000000001,4.6599999999999994e-06,0.005,46,0,50,3.6
1484,0.0016,4.679999999999999e-06,0.005,46,0,50,3.6
1485,0.0016,4.699999999999999e-06,0.005,46,0,50,3.6
1486,0.0008,4.719999999999999e-06,0.005,46,0,50,3.6
1487,0.0016,4.739999999999999e-06,0.005,46,0,50,3.6
1488,0.0012000000000000001,4.7599999999999985e-06,0.005,46,0,50,3.6
1489,0.0012000000000000001,4.779999999999998e-06,0.005,46,0,50,3.6
1490,0.0012000000000000001,4.799999999999998e-06,0.005,46,0,50,3.6
1491,0.0008,4.819999999999998e-06,0.005,46,0,50,3.6
1492,0.0004,4.840000000000001e-06,0.005,46,0,50,3.6
1493,0.0016,4.860000000000001e-06,0.005,46,0,50,3.6
1494,0.0012000000000000001,4.880000000000001e-06,0.005,46,0,50,3.6
1495,0.0008,4.9000000000000005e-06,0.005,46,0,50,3.6
1496,0.0008,4.92e-06,0.005,46,0,50,3.6
1497,0.0012000000000000001,4.94e-06,0.005,46,0,50,3.6
1498,0.0008,4.96e-06,0.005,46,0,50,3.6
1499,0.0008,4.98e-06,0.005,46,0,50,3.6
1500,0.0008,4.9999999999999996e-06,0.005,46,0,50,3.6
1501,0.0008,5.019999999999999e-06,0.005,46,0,50,3.6
1502,0.0,5.039999999999999e-06,0.005,46,0,50,3.6
1503,-0.0004,5.059999999999999e-06,0.005,46,0,50,3.6
1504,0.0004,5.079999999999999e-06,0.005,46,0,50,3.6
1505,0.0012000000000000001,5.099999999999999e-06,0.005,46,0,50,3.6
1506,0.002,5.119999999999998e-06,0.005,46,0,50,3.6
1507,0.0,5.139999999999998e-06,0.005,46,0,50,3.6
1508,0.0004,5.159999999999998e-06,0.005,46,0,50,3.6
1509,0.0012000000000000001,5.179999999999998e-06,0.005,46,0,50,3.6
1510,0.0012000000000000001,5.200000000000001e-06,0.005,46,0,50,3.6
1511,0.0012000000000000001,5.220000000000001e-06,0.005,46,0,50,3.6
1512,0.0008,5.240000000000001e-06,0.005,46,0,50,3.6
1513,0.0004,5.2600000000000005e-06,0.005,46,0,50,3.6
1514,0.0012000000000000001,5.28e-06,0.005,46,0,50,3.6
1515,0.0012000000000000001,5.3e-06,0.005,46,0,50,3.6
1516,0.0004,5.32e-06,0.005,46,0,50,3.6
1517,0.0008,5.34e-06,0.005,46,0,50,3.6
1518,0.0012000000000000001,5.3599999999999995e-06,0.005,46,0,50,3.6
1519,0.0012000000000000001,5.379999999999999e-06,0.005,46,0,50,3.6
1520,0.0008,5.399999999999999e-06,0.005,46,0,50,3.6
1521,0.002,5.419999999999999e-06,0.005,46,0,50,3.6
1522,0.0012000000000000001,5.439999999999999e-06,0.005,46,0,50,3.6
1523,0.0008,5.4599999999999985e-06,0.005,46,0,50,3.6
1524,0.0012000000000000001,5.479999999999998e-06,0.005,46,0,50,3.6
1525,0.0012000000000000001,5.499999999999998e-06,0.005,46,0,50,3.6
1526,0.002,5.519999999999998e-06,0.005,46,0,50,3.6
1527,0.0008,5.540000000000001e-06,0.005,46,0,50,3.6
1528,0.0012000000000000001,5.559999999999998e-06,0.005,46,0,50,3.6
1529,0.002,5.580000000000001e-06,0.005,46,0,50,3.6
1530,0.0024000000000000002,5.599999999999997e-06,0.005,46,0,50,3.6
1531,0.0012000000000000001,5.62e-06,0.005,46,0,50,3.6
1532,0.0016,5.639999999999997e-06,0.005,46,0,50,3.6
1533,0.0016,5.66e-06,0.005,46,0,50,3.6
1534,0.002,5.6799999999999964e-06,0.005,46,0,50,3.6
1535,0.0028,5.7e-06,0.005,46,0,50,3.6
1536,0.0012000000000000001,5.720000000000003e-06,0.005,46,0,50,3.6
1537,0.0008,5.739999999999999e-06,0.005,46,0,50,3.6
1538,0.0016,5.7600000000000024e-06,0.005,46,0,50,3.6
1539,0.002,5.779999999999999e-06,0.005,46,0,50,3.6
1540,0.0016,5.800000000000002e-06,0.005,46,0,50,3.6
1541,0.0012000000000000001,5.8199999999999985e-06,0.005,46,0,50,3.6
1542,0.002,5.840000000000002e-06,0.005,46,0,50,3.6
1543,0.002,5.859999999999998e-06,0.005,46,0,50,3.6
1544,0.0016,5.880000000000001e-06,0.005,46,0,50,3.6
1545,0.0016,5.899999999999998e-06,0.005,46,0,50,3.6
1546,0.0016,5.920000000000001e-06,0.005,46,0,50,3.6
1547,0.0016,5.939999999999997e-06,0.005,46,0,50,3.6
1548,0.002,5.9600000000000005e-06,0.005,46,0,50,3.6
1549,0.0012000000000000001,5.979999999999997e-06,0.005,46,0,50,3.6
1550,0.002,6e-06,0.005,46,0,50,3.6
1551,0.0024000000000000002,6.0199999999999966e-06,0.005,46,0,50,3.6
1552,0.0008,6.04e-06,0.005,46,0,50,3.6
1553,0.0004,6.059999999999996e-06,0.005,46,0,50,3.6
1554,-0.0004,6.079999999999999e-06,0.005,46,0,50,3.6
1555,0.0012000000000000001,6.100000000000003e-06,0.005,46,0,50,3.6
1556,0.0016,6.119999999999999e-06,0.005,46,0,50,3.6
1557,0.0004,6.140000000000002e-06,0.005,46,0,50,3.6
1558,0.0012000000000000001,6.159999999999999e-06,0.005,46,0,50,3.6
1559,0.0012000000000000001,6.180000000000002e-06,0.005,46,0,50,3.6
1560,0.0016,6.199999999999998e-06,0.005,46,0,50,3.6
1561,0.0012000000000000001,6.2200000000000014e-06,0.005,46,0,50,3.6
1562,0.0012000000000000001,6.239999999999998e-06,0.005,46,0,50,3.6
1563,0.0012000000000000001,6.260000000000001e-06,0.005,46,0,50,3.6
1564,0.0008,6.2799999999999975e-06,0.005,46,0,50,3.6
1565,-0.0004,6.300000000000001e-06,0.005,46,0,50,3.6
1566,0.0004,6.319999999999997e-06,0.005,46,0,50,3.6
1567,0.0016,6.34e-06,0.005,46,0,50,3.6
1568,0.0012000000000000001,6.359999999999997e-06,0.005,46,0,50,3.6
1569,0.0004,6.38e-06,0.005,46,0,50,3.6
1570,0.0008,6.399999999999996e-06,0.005,46,0,50,3.6
1571,0.0012000000000000001,6.4199999999999995e-06,0.005,46,0,50,3.6
1572,0.0012000000000000001,6.440000000000003e-06,0.005,46,0,50,3.6
1573,0.0004,6.459999999999999e-06,0.005,46,0,50,3.6
1574,0.0,6.480000000000002e-06,0.005,46,0,50,3.6
1575,0.0008,6.499999999999999e-06,0.005,46,0,50,3.6
1576,0.002,6.520000000000002e-06,0.005,46,0,50,3.6
1577,0.0008,6.539999999999998e-06,0.005,46,0,50,3.6
1578,0.0004,6.5600000000000016e-06,0.005,46,0,50,3.6
1579,0.0012000000000000001,6.579999999999998e-06,0.005,46,0,50,3.6
1580,0.0012000000000000001,6.600000000000001e-06,0.005,46,0,50,3.6
1581,0.0012000000000000001,6.619999999999998e-06,0.005,46,0,50,3.6
1582,0.0016,6.640000000000001e-06,0.005,46,0,50,3.6
1583,0.0008,6.659999999999997e-06,0.005,46,0,50,3.6
1584,0.0,6.68e-06,0.005,46,0,50,3.6
1585,0.0,6.699999999999997e-06,0.005,46,0,50,3.6
1586,0.0004,6.72e-06,0.005,46,0,50,3.6
1587,0.0012000000000000001,6.7399999999999965e-06,0.005,46,0,50,3.6
1588,0.002,6.76e-06,0.005,46,0,50,3.6
1589,0.0008,6.780000000000003e-06,0.005,46,0,50,3.6
1590,0.0008,6.799999999999999e-06,0.005,46,0,50,3.6
1591,0.0012000000000000001,6.8200000000000025e-06,0.005,46,0,50,3.6
1592,0.0016,6.839999999999999e-06,0.005,46,0,50,3.6
1593,0.0008,6.860000000000002e-06,0.005,46,0,50,3.6
1594,0.0,6.8799999999999985e-06,0.005,46,0,50,3.6
1595,0.0004,6.900000000000002e-06,0.005,46,0,50,3.6
1596,0.002,6.919999999999998e-06,0.005,46,0,50,3.6
1597,0.0012000000000000001,6.940000000000001e-06,0.005,46,0,50,3.6
1598,0.0004,6.959999999999998e-06,0.005,46,0,50,3.6
1599,0.0008,6.980000000000001e-06,0.005,46,0,50,3.6
1600,0.0012000000000000001,6.999999999999997e-06,0.005,46,0,50,3.6
1601,0.0012000000000000001,7.0200000000000006e-06,0.005,46,0,50,3.6
1602,0.0012000000000000001,7.039999999999997e-06,0.005,46,0,50,3.6
1603,0.0,7.06e-06,0.005,46,0,50,3.6
1604,-0.0004,7.079999999999997e-06,0.005,46,0,50,3.6
1605,0.0004,7.1e-06,0.005,46,0,50,3.6
1606,0.0008,7.119999999999996e-06,0.005,46,0,50,3.6
1607,0.0004,7.139999999999999e-06,0.005,46,0,50,3.6
1608,0.0008,7.160000000000003e-06,0.005,46,0,50,3.6
1609,0.0016,7.179999999999999e-06,0.005,46,0,50,3.6
1610,0.0012000000000000001,7.200000000000002e-06,0.005,46,0,50,3.6
1611,0.0004,7.219999999999999e-06,0.005,46,0,50,3.6
1612,0.0012000000000000001,7.240000000000002e-06,0.005,46,0,50,3.6
1613,0.0008,7.259999999999998e-06,0.005,46,0,50,3.6
1614,0.0004,7.2800000000000014e-06,0.005,46,0,50,3.6
1615,0.0004,7.299999999999998e-06,0.005,46,0,50,3.6
1616,0.0,7.320000000000001e-06,0.005,46,0,50,3.6
1617,0.0016,7.3399999999999975e-06,0.005,46,0,50,3.6
1618,0.0008,7.360000000000001e-06,0.005,46,0,50,3.6
1619,0.0004,7.379999999999997e-06,0.005,46,0,50,3.6
1620,0.0004,7.4e-06,0.005,46,0,50,3.6
1621,0.0008,7.419999999999997e-06,0.005,46,0,50,3.6
1622,0.0004,7.44e-06,0.005,46,0,50,3.6
1623,0.0012000000000000001,7.459999999999996e-06,0.005,46,0,50,3.6
1624,0.0012000000000000001,7.4799999999999995e-06,0.005,46,0,50,3.6
1625,0.0008,7.500000000000003e-06,0.005,46,0,50,3.6
1626,0.0004,7.519999999999999e-06,0.005,46,0,50,3.6
1627,0.0008,7.540000000000002e-06,0.005,46,0,50,3.6
1628,0.0012000000000000001,7.559999999999999e-06,0.005,46,0,50,3.6
1629,0.0012000000000000001,7.580000000000002e-06,0.005,46,0,50,3.6
1630,0.0012000000000000001,7.599999999999998e-06,0.005,46,0,50,3.6
1631,0.0016,7.620000000000002e-06,0.005,46,0,50,3.6
1632,0.002,7.639999999999998e-06,0.005,46,0,50,3.6
1633,0.0016,7.660000000000001e-06,0.005,46,0,50,3.6
1634,0.0016,7.679999999999998e-06,0.005,46,0,50,3.6
1635,0.0008,7.7e-06,0.005,46,0,50,3.6
1636,0.0008,7.719999999999997e-06,0.005,46,0,50,3.6
1637,0.0008,7.74e-06,0.005,46,0,50,3.6
1638,0.0016,7.759999999999997e-06,0.005,46,0,50,3.6
1639,0.0016,7.78e-06,0.005,46,0,50,3.6
1640,0.0008,7.799999999999996e-06,0.005,46,0,50,3.6
1641,0.0012000000000000001,7.82e-06,0.005,46,0,50,3.6
1642,0.0012000000000000001,7.840000000000003e-06,0.005,46,0,50,3.6
1643,0.002,7.86e-06,0.005,46,0,50,3.6
1644,0.0008,7.880000000000002e-06,0.005,46,0,50,3.6
1645,0.0016,7.899999999999999e-06,0.005,46,0,50,3.6
1646,0.0012000000000000001,7.920000000000002e-06,0.005,46,0,50,3.6
1647,0.0008,7.939999999999999e-06,0.005,46,0,50,3.6
1648,0.0004,7.960000000000002e-06,0.005,46,0,50,3.6
1649,0.0016,7.979999999999998e-06,0.005,46,0,50,3.6
1650,0.0016,8.000000000000001e-06,0.005,46,0,50,3.6
1651,0.0008,8.019999999999998e-06,0.005,46,0,50,3.6
1652,0.0004,8.040000000000001e-06,0.005,46,0,50,3.6
1653,0.0012000000000000001,8.059999999999997e-06,0.005,46,0,50,3.6
1654,0.0012000000000000001,8.08e-06,0.005,46,0,50,3.6
1655,0.0008,8.099999999999997e-06,0.005,46,0,50,3.6
1656,0.0,8.12e-06,0.005,46,0,50,3.6
1657,0.0,8.139999999999997e-06,0.005,46,0,50,3.6
1658,0.0016,8.16e-06,0.005,46,0,50,3.6
1659,0.0016,8.179999999999996e-06,0.005,46,0,50,3.6
1660,0.0008,8.2e-06,0.005,46,0,50,3.6
1661,0.0,8.220000000000003e-06,0.005,46,0,50,3.6
1662,0.0016,8.239999999999999e-06,0.005,46,0,50,3.6
1663,0.0016,8.260000000000002e-06,0.005,46,0,50,3.6
1664,0.0008,8.279999999999999e-06,0.005,46,0,50,3.6
1665,0.0004,8.300000000000002e-06,0.005,46,0,50,3.6
1666,0.0004,8.319999999999998e-06,0.005,46,0,50,3.6
1667,0.0012000000000000001,8.340000000000001e-06,0.005,46,0,50,3.6
1668,0.002,8.359999999999998e-06,0.005,46,0,50,3.6
1669,0.002,8.380000000000001e-06,0.005,46,0,50,3.6
1670,0.002,8.399999999999998e-06,0.005,46,0,50,3.6
1671,0.0016,8.42e-06,0.005,46,0,50,3.6
1672,0.0004,8.439999999999997e-06,0.005,46,0,50,3.6
1673,0.0004,8.46e-06,0.005,46,0,50,3.6
1674,0.0012000000000000001,8.479999999999997e-06,0.005,46,0,50,3.6
1675,0.0008,8.5e-06,0.005,46,0,50,3.6
1676,0.0004,8.519999999999996e-06,0.005,46,0,50,3.6
1677,-0.0004,8.54e-06,0.005,46,0,50,3.6
1678,0.0008,8.560000000000003e-06,0.005,46,0,50,3.6
1679,0.0016,8.58e-06,0.005,46,0,50,3.6
1680,0.0012000000000000001,8.600000000000002e-06,0.005,46,0,50,3.6
1681,0.0012000000000000001,8.619999999999999e-06,0.005,46,0,50,3.6
1682,0.0008,8.640000000000002e-06,0.005,46,0,50,3.6
1683,0.0008,8.659999999999998e-06,0.005,46,0,50,3.6
1684,0.002,8.680000000000002e-06,0.005,46,0,50,3.6
1685,0.0016,8.699999999999998e-06,0.005,46,0,50,3.6
1686,0.0008,8.720000000000001e-06,0.005,46,0,50,3.6
1687,0.0016,8.739999999999998e-06,0.005,46,0,50,3.6
1688,0.002,8.76e-06,0.005,46,0,50,3.6
1689,0.0024000000000000002,8.779999999999997e-06,0.005,46,0,50,3.6
1690,0.0016,8.8e-06,0.005,46,0,50,3.6
1691,0.002,8.819999999999997e-06,0.005,46,0,50,3.6
1692,0.0016,8.84e-06,0.005,46,0,50,3.6
1693,0.0016,8.859999999999996e-06,0.005,46,0,50,3.6
1694,0.0016,8.88e-06,0.005,46,0,50,3.6
1695,0.0028,8.900000000000003e-06,0.005,46,0,50,3.6
1696,0.0012000000000000001,8.92e-06,0.005,46,0,50,3.6
1697,0.0,8.940000000000002e-06,0.005,46,0,50,3.6
1698,0.0004,8.959999999999999e-06,0.005,46,0,50,3.6
1699,0.0008,8.980000000000002e-06,0.005,46,0,50,3.6
1700,0.0008,8.999999999999999e-06,0.005,46,0,50,3.6
1701,0.0004,9.020000000000002e-06,0.005,46,0,50,3.6
1702,0.0,9.039999999999998e-06,0.005,46,0,50,3.6
1703,0.0008,9.060000000000001e-06,0.005,46,0,50,3.6
1704,0.0024000000000000002,9.079999999999998e-06,0.005,46,0,50,3.6
1705,0.0016,9.100000000000001e-06,0.005,46,0,50,3.6
1706,0.0008,9.119999999999997e-06,0.005,46,0,50,3.6
1707,0.0012000000000000001,9.14e-06,0.005,46,0,50,3.6
1708,0.0008,9.159999999999997e-06,0.005,46,0,50,3.6
1709,0.0008,9.18e-06,0.005,46,0,50,3.6
1710,0.0004,9.199999999999997e-06,0.005,46,0,50,3.6
1711,0.0008,9.22e-06,0.005,46,0,50,3.6
1712,0.0,9.239999999999996e-06,0.005,46,0,50,3.6
1713,0.0004,9.26e-06,0.005,46,0,50,3.6
1714,0.0008,9.280000000000003e-06,0.005,46,0,50,3.6
1715,0.0012000000000000001,9.299999999999999e-06,0.005,46,0,50,3.6
1716,0.0012000000000000001,9.320000000000002e-06,0.005,46,0,50,3.6
1717,0.0004,9.339999999999999e-06,0.005,46,0,50,3.6
1718,-0.0004,9.360000000000002e-06,0.005,46,0,50,3.6
1719,-0.0004,9.379999999999998e-06,0.005,46,0,50,3.6
1720,0.0016,9.400000000000001e-06,0.005,46,0,50,3.6
1721,0.0008,9.419999999999998e-06,0.005,46,0,50,3.6
1722,0.0,9.440000000000001e-06,0.005,46,0,50,3.6
1723,0.0,9.459999999999998e-06,0.005,46,0,50,3.6
1724,0.0008,9.48e-06,0.005,46,0,50,3.6
1725,0.0004,9.499999999999997e-06,0.005,46,0,50,3.6
1726,0.0008,9.52e-06,0.005,46,0,50,3.6
1727,0.0004,9.539999999999997e-06,0.005,46,0,50,3.6
1728,0.0016,9.56e-06,0.005,46,0,50,3.6
1729,0.0012000000000000001,9.579999999999996e-06,0.005,46,0,50,3.6
1730,0.0008,9.6e-06,0.005,46,0,50,3.6
1731,0.0008,9.620000000000003e-06,0.005,46,0,50,3.6
1732,0.0004,9.64e-06,0.005,46,0,50,3.6
1733,0.0008,9.660000000000002e-06,0.005,46,0,50,3.6
1734,0.0,9.679999999999999e-06,0.005,46,0,50,3.6
1735,0.0008,9.700000000000002e-06,0.005,46,0,50,3.6
1736,0.0004,9.719999999999998e-06,0.005,46,0,50,3.6
1737,0.0008,9.740000000000002e-06,0.005,46,0,50,3.6
1738,0.0004,9.759999999999998e-06,0.005,46,0,50,3.6
1739,-0.0004,9.780000000000001e-06,0.005,46,0,50,3.6
1740,0.0012000000000000001,9.799999999999998e-06,0.005,46,0,50,3.6
1741,0.002,9.820000000000001e-06,0.005,46,0,50,3.6
1742,0.0016,9.839999999999997e-06,0.005,46,0,50,3.6
1743,0.0004,9.86e-06,0.005,46,0,50,3.6
1744,0.0,9.879999999999997e-06,0.005,46,0,50,3.6
1745,0.002,9.9e-06,0.005,46,0,50,3.6
1746,0.0016,9.919999999999997e-06,0.005,46,0,50,3.6
1747,0.0004,9.94e-06,0.005,46,0,50,3.6
1748,0.0016,9.960000000000003e-06,0.005,46,0,50,3.6
1749,0.0016,9.98e-06,0.005,46,0,50,3.6
1750,0.0012000000000000001,1.0000000000000003e-05,0.005,46,0,50,3.6
1751,0.0008,1.0019999999999999e-05,0.005,46,0,50,3.6
1752,0.0012000000000000001,1.0040000000000002e-05,0.005,46,0,50,3.6
1753,0.0008,1.0059999999999999e-05,0.005,46,0,50,3.6
1754,0.0008,1.0080000000000002e-05,0.005,46,0,50,3.6
1755,0.0004,1.0099999999999998e-05,0.005,46,0,50,3.6
1756,0.0016,1.0120000000000001e-05,0.005,46,0,50,3.6
1757,0.0016,1.0139999999999998e-05,0.005,46,0,50,3.6
1758,0.0008,1.0160000000000001e-05,0.005,46,0,50,3.6
1759,0.0,1.0179999999999997e-05,0.005,46,0,50,3.6
1760,0.0008,1.02e-05,0.005,46,0,50,3.6
1761,0.0012000000000000001,1.0219999999999997e-05,0.005,46,0,50,3.6
1762,0.0016,1.024e-05,0.005,46,0,50,3.6
1763,0.0,1.0259999999999997e-05,0.005,46,0,50,3.6
1764,0.0,1.028e-05,0.005,46,0,50,3.6
1765,0.0008,1.0299999999999996e-05,0.005,46,0,50,3.6
1766,0.0016,1.032e-05,0.005,46,0,50,3.6
1767,0.0016,1.0340000000000003e-05,0.005,46,0,50,3.6
1768,0.0008,1.0359999999999999e-05,0.005,46,0,50,3.6
1769,0.0008,1.0380000000000002e-05,0.005,46,0,50,3.6
1770,0.0004,1.0399999999999999e-05,0.005,46,0,50,3.6
1771,0.0008,1.0420000000000002e-05,0.005,46,0,50,3.6
1772,0.0004,1.0439999999999998e-05,0.005,46,0,50,3.6
1773,0.0008,1.0460000000000001e-05,0.005,46,0,50,3.6
1774,0.0008,1.0479999999999998e-05,0.005,46,0,50,3.6
1775,0.0008,1.0500000000000001e-05,0.005,46,0,50,3.6
1776,0.0012000000000000001,1.0519999999999998e-05,0.005,46,0,50,3.6
1777,0.0008,1.054e-05,0.005,46,0,50,3.6
1778,0.0012000000000000001,1.0559999999999997e-05,0.005,46,0,50,3.6
1779,0.0004,1.058e-05,0.005,46,0,50,3.6
1780,-0.0004,1.0599999999999997e-05,0.005,46,0,50,3.6
1781,0.0012000000000000001,1.062e-05,0.005,46,0,50,3.6
1782,0.0016,1.0639999999999996e-05,0.005,46,0,50,3.6
1783,0.0012000000000000001,1.066e-05,0.005,46,0,50,3.6
1784,0.0004,1.0680000000000003e-05,0.005,46,0,50,3.6
1785,0.0008,1.07e-05,0.005,46,0,50,3.6
1786,0.0012000000000000001,1.0720000000000002e-05,0.005,46,0,50,3.6
1787,0.002,1.0739999999999999e-05,0.005,46,0,50,3.6
1788,0.0016,1.0760000000000002e-05,0.005,46,0,50,3.6
1789,0.0008,1.0779999999999998e-05,0.005,46,0,50,3.6
1790,0.0012000000000000001,1.0800000000000002e-05,0.005,46,0,50,3.6
1791,0.0008,1.0819999999999998e-05,0.005,46,0,50,3.6
1792,0.0008,1.0840000000000001e-05,0.005,46,0,50,3.6
1793,0.0008,1.0859999999999998e-05,0.005,46,0,50,3.6
1794,0.0016,1.0880000000000001e-05,0.005,46,0,50,3.6
1795,0.0008,1.0899999999999997e-05,0.005,46,0,50,3.6
1796,0.0004,1.092e-05,0.005,46,0,50,3.6
1797,0.0016,1.0939999999999997e-05,0.005,46,0,50,3.6
1798,0.002,1.096e-05,0.005,46,0,50,3.6
1799,0.0004,1.0979999999999997e-05,0.005,46,0,50,3.6
1800,0.0,1.1e-05,0.005,46,0,50,3.6
1801,-0.0004,1.1020000000000003e-05,0.005,46,0,50,3.6
1802,0.0008,1.104e-05,0.005,46,0,50,3.6
1803,0.0016,1.1060000000000003e-05,0.005,46,0,50,3.6
1804,0.0016,1.1079999999999999e-05,0.005,46,0,50,3.6
1805,0.0012000000000000001,1.1100000000000002e-05,0.005,46,0,50,3.6
1806,0.0016,1.1119999999999999e-05,0.005,46,0,50,3.6
1807,0.0024000000000000002,1.1140000000000002e-05,0.005,46,0,50,3.6
1808,0.0016,1.1159999999999998e-05,0.005,46,0,50,3.6
1809,0.0008,1.1180000000000001e-05,0.005,46,0,50,3.6
1810,0.0004,1.1199999999999998e-05,0.005,46,0,50,3.6
1811,0.0008,1.1220000000000001e-05,0.005,46,0,50,3.6
1812,0.0,1.1239999999999997e-05,0.005,46,0,50,3.6
1813,0.0008,1.126e-05,0.005,46,0,50,3.6
1814,0.0012000000000000001,1.1279999999999997e-05,0.005,46,0,50,3.6
1815,0.0012000000000000001,1.13e-05,0.005,46,0,50,3.6
1816,0.0004,1.1319999999999997e-05,0.005,46,0,50,3.6
1817,0.0008,1.134e-05,0.005,46,0,50,3.6
1818,0.0008,1.1359999999999996e-05,0.005,46,0,50,3.6
1819,0.0012000000000000001,1.138e-05,0.005,46,0,50,3.6
1820,-0.0004,1.1400000000000003e-05,0.005,46,0,50,3.6
1821,0.0,1.1419999999999999e-05,0.005,46,0,50,3.6
1822,-0.0004,1.1440000000000002e-05,0.005,46,0,50,3.6
1823,0.0008,1.1459999999999999e-05,0.005,46,0,50,3.6
1824,0.0016,1.1480000000000002e-05,0.005,46,0,50,3.6
1825,-0.0004,1.1499999999999998e-05,0.005,46,0,50,3.6
1826,0.0004,1.1520000000000002e-05,0.005,46,0,50,3.6
1827,0.0008,1.1539999999999998e-05,0.005,46,0,50,3.6
1828,0.0012000000000000001,1.1560000000000001e-05,0.005,46,0,50,3.6
1829,0.0012000000000000001,1.1579999999999998e-05,0.005,46,0,50,3.6
1830,0.0004,1.16e-05,0.005,46,0,50,3.6
1831,0.0008,1.1619999999999997e-05,0.005,46,0,50,3.6
1832,0.0012000000000000001,1.164e-05,0.005,46,0,50,3.6
1833,0.0,1.1659999999999997e-05,0.005,46,0,50,3.6
1834,0.0008,1.168e-05,0.005,46,0,50,3.6
1835,0.0012000000000000001,1.1699999999999996e-05,0.005,46,0,50,3.6
1836,0.0012000000000000001,1.172e-05,0.005,46,0,50,3.6
1837,0.0016,1.1740000000000003e-05,0.005,46,0,50,3.6
1838,0.0008,1.176e-05,0.005,46,0,50,3.6
1839,0.0012000000000000001,1.1780000000000002e-05,0.005,46,0,50,3.6
1840,0.0012000000000000001,1.1799999999999999e-05,0.005,46,0,50,3.6
1841,0.002,1.1820000000000002e-05,0.005,46,0,50,3.6
1842,0.0012000000000000001,1.1839999999999998e-05,0.005,46,0,50,3.6
1843,0.002,1.1860000000000002e-05,0.005,46,0,50,3.6
1844,0.0024000000000000002,1.1879999999999998e-05,0.005,46,0,50,3.6
1845,0.0012000000000000001,1.1900000000000001e-05,0.005,46,0,50,3.6
1846,0.0,1.1919999999999998e-05,0.005,46,0,50,3.6
1847,0.0024000000000000002,1.1940000000000001e-05,0.005,46,0,50,3.6
1848,0.002,1.1959999999999997e-05,0.005,46,0,50,3.6
1849,0.0024000000000000002,1.198e-05,0.005,46,0,50,3.6
1850,0.0016,1.1999999999999997e-05,0.005,46,0,50,3.6
1851,0.0008,1.202e-05,0.005,46,0,50,3.6
1852,0.0008,1.2039999999999997e-05,0.005,46,0,50,3.6
1853,0.002,1.206e-05,0.005,46,0,50,3.6
1854,0.0016,1.2080000000000003e-05,0.005,46,0,50,3.6
1855,0.0016,1.21e-05,0.005,46,0,50,3.6
1856,0.002,1.2120000000000003e-05,0.005,46,0,50,3.6
1857,0.0012000000000000001,1.2139999999999999e-05,0.005,46,0,50,3.6
1858,0.0004,1.2160000000000002e-05,0.005,46,0,50,3.6
1859,0.0012000000000000001,1.2179999999999999e-05,0.005,46,0,50,3.6
1860,0.0016,1.2200000000000002e-05,0.005,46,0,50,3.6
1861,0.0016,1.2219999999999998e-05,0.005,46,0,50,3.6
1862,0.0004,1.2240000000000001e-05,0.005,46,0,50,3.6
1863,0.0016,1.2259999999999998e-05,0.005,46,0,50,3.6
1864,0.0016,1.2280000000000001e-05,0.005,46,0,50,3.6
1865,0.002,1.2299999999999997e-05,0.005,46,0,50,3.6
1866,0.0016,1.232e-05,0.005,46,0,50,3.6
1867,0.0008,1.2339999999999997e-05,0.005,46,0,50,3.6
1868,0.0004,1.236e-05,0.005,46,0,50,3.6
1869,0.0016,1.2379999999999997e-05,0.005,46,0,50,3.6
1870,0.0012000000000000001,1.24e-05,0.005,46,0,50,3.6
1871,0.0016,1.2419999999999996e-05,0.005,46,0,50,3.6
1872,0.0008,1.244e-05,0.005,46,0,50,3.6
1873,0.0004,1.2460000000000003e-05,0.005,46,0,50,3.6
1874,0.0012000000000000001,1.2479999999999999e-05,0.005,46,0,50,3.6
1875,0.0012000000000000001,1.2500000000000002e-05,0.005,46,0,50,3.6
1876,0.0008,1.2519999999999999e-05,0.005,46,0,50,3.6
1877,0.002,1.2540000000000002e-05,0.005,46,0,50,3.6
1878,0.0016,1.2559999999999998e-05,0.005,46,0,50,3.6
1879,0.0016,1.2580000000000002e-05,0.005,46,0,50,3.6
1880,0.0012000000000000001,1.2599999999999998e-05,0.005,46,0,50,3.6
1881,0.0008,1.2620000000000001e-05,0.005,46,0,50,3.6
1882,-0.0004,1.2639999999999998e-05,0.005,46,0,50,3.6
1883,0.0008,1.266e-05,0.005,46,0,50,3.6
1884,0.0016,1.2679999999999997e-05,0.005,46,0,50,3.6
1885,0.0016,1.27e-05,0.005,46,0,50,3.6
1886,0.002,1.2719999999999997e-05,0.005,46,0,50,3.6
1887,0.0008,1.274e-05,0.005,46,0,50,3.6
1888,0.0012000000000000001,1.2759999999999996e-05,0.005,46,0,50,3.6
1889,0.002,1.278e-05,0.005,46,0,50,3.6
1890,0.0016,1.2800000000000003e-05,0.005,46,0,50,3.6
1891,0.0004,1.282e-05,0.005,46,0,50,3.6
1892,-0.0004,1.2840000000000002e-05,0.005,46,0,50,3.6
1893,0.0008,1.2859999999999999e-05,0.005,46,0,50,3.6
1894,0.0004,1.2880000000000002e-05,0.005,46,0,50,3.6
1895,0.0012000000000000001,1.2899999999999998e-05,0.005,46,0,50,3.6
1896,0.0016,1.2920000000000002e-05,0.005,46,0,50,3.6
1897,0.0012000000000000001,1.2939999999999998e-05,0.005,46,0,50,3.6
1898,0.0008,1.2960000000000001e-05,0.005,46,0,50,3.6
1899,0.0012000000000000001,1.2979999999999998e-05,0.005,46,0,50,3.6
1900,0.0012000000000000001,1.3000000000000001e-05,0.005,46,0,50,3.6
1901,0.0012000000000000001,1.3019999999999997e-05,0.005,46,0,50,3.6
1902,0.0012000000000000001,1.304e-05,0.005,46,0,50,3.6
1903,0.0016,1.3059999999999997e-05,0.005,46,0,50,3.6
1904,0.002,1.308e-05,0.005,46,0,50,3.6
1905,0.002,1.3099999999999997e-05,0.005,46,0,50,3.6
1906,0.0024000000000000002,1.312e-05,0.005,46,0,50,3.6
1907,0.002,1.3140000000000003e-05,0.005,46,0,50,3.6
1908,0.0008,1.316e-05,0.005,46,0,50,3.6
1909,0.0012000000000000001,1.3180000000000003e-05,0.005,46,0,50,3.6
1910,0.0028,1.3199999999999999e-05,0.005,46,0,50,3.6
1911,0.0016,1.3220000000000002e-05,0.005,46,0,50,3.6
1912,0.002,1.3239999999999999e-05,0.005,46,0,50,3.6
1913,0.0012000000000000001,1.3260000000000002e-05,0.005,46,0,50,3.6
1914,0.0016,1.3279999999999998e-05,0.005,46,0,50,3.6
1915,0.002,1.3300000000000001e-05,0.005,46,0,50,3.6
1916,0.0012000000000000001,1.3319999999999998e-05,0.005,46,0,50,3.6
1917,0.0008,1.3340000000000001e-05,0.005,46,0,50,3.6
1918,0.0012000000000000001,1.3359999999999997e-05,0.005,46,0,50,3.6
1919,0.0004,1.338e-05,0.005,46,0,50,3.6
1920,0.0012000000000000001,1.3399999999999997e-05,0.005,46,0,50,3.6
1921,0.0012000000000000001,1.342e-05,0.005,46,0,50,3.6
1922,0.0008,1.3439999999999997e-05,0.005,46,0,50,3.6
1923,0.0012000000000000001,1.346e-05,0.005,46,0,50,3.6
1924,0.0016,1.3479999999999996e-05,0.005,46,0,50,3.6
1925,0.0012000000000000001,1.35e-05,0.005,46,0,50,3.6
1926,0.0016,1.3520000000000003e-05,0.005,46,0,50,3.6
1927,0.0016,1.3539999999999999e-05,0.005,46,0,50,3.6
1928,0.0004,1.3560000000000002e-05,0.005,46,0,50,3.6
1929,0.0,1.3579999999999999e-05,0.005,46,0,50,3.6
1930,0.0008,1.3600000000000002e-05,0.005,46,0,50,3.6
1931,0.0016,1.3619999999999998e-05,0.005,46,0,50,3.6
1932,0.0,1.3640000000000002e-05,0.005,46,0,50,3.6
1933,-0.0008,1.3659999999999998e-05,0.005,46,0,50,3.6
1934,0.0004,1.3680000000000001e-05,0.005,46,0,50,3.6
1935,0.0012000000000000001,1.3699999999999998e-05,0.005,46,0,50,3.6
1936,0.0008,1.372e-05,0.005,46,0,50,3.6
1937,0.0004,1.3739999999999997e-05,0.005,46,0,50,3.6
1938,-0.0004,1.376e-05,0.005,46,0,50,3.6
1939,0.0004,1.3779999999999997e-05,0.005,46,0,50,3.6
1940,0.0008,1.38e-05,0.005,46,0,50,3.6
1941,0.0004,1.3819999999999996e-05,0.005,46,0,50,3.6
1942,0.0004,1.384e-05,0.005,46,0,50,3.6
1943,0.0016,1.3860000000000003e-05,0.005,46,0,50,3.6
1944,-0.0004,1.388e-05,0.005,46,0,50,3.6
1945,0.0004,1.3900000000000002e-05,0.005,46,0,50,3.6
1946,0.002,1.3919999999999999e-05,0.005,46,0,50,3.6
1947,0.0016,1.3940000000000002e-05,0.005,46,0,50,3.6
1948,0.0012000000000000001,1.3959999999999998e-05,0.005,46,0,50,3.6
1949,0.0,1.3980000000000002e-05,0.005,46,0,50,3.6
1950,0.0008,1.3999999999999998e-05,0.005,46,0,50,3.6
1951,0.0016,1.4020000000000001e-05,0.005,46,0,50,3.6
1952,0.0016,1.4039999999999998e-05,0.005,46,0,50,3.6
1953,0.0008,1.4060000000000001e-05,0.005,46,0,50,3.6
1954,0.0004,1.4079999999999997e-05,0.005,46,0,50,3.6
1955,0.0012000000000000001,1.41e-05,0.005,46,0,50,3.6
1956,0.0016,1.4119999999999997e-05,0.005,46,0,50,3.6
1957,0.0012000000000000001,1.414e-05,0.005,46,0,50,3.6
1958,0.0004,1.4159999999999997e-05,0.005,46,0,50,3.6
1959,0.0016,1.418e-05,0.005,46,0,50,3.6
1960,0.0016,1.4200000000000003e-05,0.005,46,0,50,3.6
1961,0.0,1.422e-05,0.005,46,0,50,3.6
1962,0.0012000000000000001,1.4240000000000003e-05,0.005,46,0,50,3.6
1963,0.0004,1.4259999999999999e-05,0.005,46,0,50,3.6
1964,0.0008,1.4280000000000002e-05,0.005,46,0,50,3.6
1965,0.0004,1.4299999999999999e-05,0.005,46,0,50,3.6
1966,0.0016,1.4320000000000002e-05,0.005,46,0,50,3.6
1967,0.0012000000000000001,1.4339999999999998e-05,0.005,46,0,50,3.6
1968,0.0012000000000000001,1.4360000000000001e-05,0.005,46,0,50,3.6
1969,0.0012000000000000001,1.4379999999999998e-05,0.005,46,0,50,3.6
1970,0.0,1.4400000000000001e-05,0.005,46,0,50,3.6
1971,0.0012000000000000001,1.4419999999999997e-05,0.005,46,0,50,3.6
1972,0.002,1.444e-05,0.005,46,0,50,3.6
1973,0.0016,1.4459999999999997e-05,0.005,46,0,50,3.6
1974,0.0,1.448e-05,0.005,46,0,50,3.6
1975,0.0,1.4499999999999997e-05,0.005,46,0,50,3.6
1976,0.0012000000000000001,1.452e-05,0.005,46,0,50,3.6
1977,0.0008,1.4539999999999996e-05,0.005,46,0,50,3.6
1978,0.0004,1.456e-05,0.005,46,0,50,3.6
1979,-0.0008,1.4580000000000003e-05,0.005,46,0,50,3.6
1980,0.0,1.4599999999999999e-05,0.005,46,0,50,3.6
1981,0.0008,1.4620000000000002e-05,0.005,46,0,50,3.6
1982,0.0016,1.4639999999999999e-05,0.005,46,0,50,3.6
1983,0.0,1.4660000000000002e-05,0.005,46,0,50,3.6
1984,0.0004,1.4679999999999998e-05,0.005,46,0,50,3.6
1985,0.0012000000000000001,1.4700000000000002e-05,0.005,46,0,50,3.6
1986,0.002,1.4719999999999998e-05,0.005,46,0,50,3.6
1987,0.0016,1.4740000000000001e-05,0.005,46,0,50,3.6
1988,0.0012000000000000001,1.4759999999999998e-05,0.005,46,0,50,3.6
1989,0.0016,1.478e-05,0.005,46,0,50,3.6
1990,0.0008,1.4799999999999997e-05,0.005,46,0,50,3.6
1991,0.0004,1.482e-05,0.005,46,0,50,3.6
1992,0.0016,1.4839999999999997e-05,0.005,46,0,50,3.6
1993,0.0012000000000000001,1.486e-05,0.005,46,0,50,3.6
1994,0.0004,1.4879999999999996e-05,0.005,46,0,50,3.6
1995,-0.0004,1.49e-05,0.005,46,0,50,3.6
1996,0.0004,1.4920000000000003e-05,0.005,46,0,50,3.6
1997,0.0008,1.494e-05,0.005,46,0,50,3.6
1998,0.0012000000000000001,1.4960000000000002e-05,0.005,46,0,50,3.6
1999,0.0,1.4979999999999999e-05,0.005,46,0,50,3.6
2000,0.0008,1.5000000000000002e-05,0.005,46,0,50,3.6
2001,0.0016,1.5019999999999998e-05,0.005,46,0,50,3.6
2002,0.0012000000000000001,1.5040000000000002e-05,0.005,46,0,50,3.6
2003,0.0012000000000000001,1.5059999999999998e-05,0.005,46,0,50,3.6
2004,0.0012000000000000001,1.5080000000000001e-05,0.005,46,0,50,3.6
2005,0.0008,1.5099999999999998e-05,0.005,46,0,50,3.6
2006,0.0012000000000000001,1.5120000000000001e-05,0.005,46,0,50,3.6
2007,0.0008,1.5139999999999997e-05,0.005,46,0,50,3.6
2008,0.0012000000000000001,1.516e-05,0.005,46,0,50,3.6
2009,0.002,1.5179999999999997e-05,0.005,46,0,50,3.6
2010,0.0008,1.52e-05,0.005,46,0,50,3.6
2011,0.0012000000000000001,1.5219999999999997e-05,0.005,46,0,50,3.6
2012,0.0016,1.524e-05,0.005,46,0,50,3.6
2013,0.0016,1.5260000000000003e-05,0.005,46,0,50,3.6
2014,0.002,1.528e-05,0.005,46,0,50,3.6
2015,0.0004,1.5300000000000003e-05,0.005,46,0,50,3.6
2016,0.0004,1.532e-05,0.005,46,0,50,3.6
2017,0.0012000000000000001,1.5340000000000002e-05,0.005,46,0,50,3.6
2018,0.0016,1.536e-05,0.005,46,0,50,3.6
2019,0.0012000000000000001,1.5380000000000002e-05,0.005,46,0,50,3.6
2020,0.0012000000000000001,1.5399999999999998e-05,0.005,46,0,50,3.6
2021,0.0004,1.542e-05,0.005,46,0,50,3.6
2022,0.0004,1.5439999999999998e-05,0.005,46,0,50,3.6
2023,0.002,1.546e-05,0.005,46,0,50,3.6
2024,0.0016,1.5479999999999997e-05,0.005,46,0,50,3.6
2025,0.0012000000000000001,1.55e-05,0.005,46,0,50,3.6
2026,0.0004,1.5519999999999997e-05,0.005,46,0,50,3.6
2027,0.0004,1.554e-05,0.005,46,0,50,3.6
2028,0.0012000000000000001,1.5559999999999997e-05,0.005,46,0,50,3.6
2029,0.0012000000000000001,1.558e-05,0.005,46,0,50,3.6
2030,0.0008,1.5599999999999996e-05,0.005,46,0,50,3.6
2031,0.0004,1.562e-05,0.005,46,0,50,3.6
2032,-0.0004,1.5640000000000003e-05,0.005,46,0,50,3.6
2033,0.0008,1.566e-05,0.005,46,0,50,3.6
2034,0.0012000000000000001,1.5680000000000002e-05,0.005,46,0,50,3.6
2035,0.0008,1.57e-05,0.005,46,0,50,3.6
2036,-0.0004,1.5720000000000002e-05,0.005,46,0,50,3.6
2037,-0.0004,1.574e-05,0.005,46,0,50,3.6
2038,0.0012000000000000001,1.576e-05,0.005,46,0,50,3.6
2039,0.0008,1.5779999999999998e-05,0.005,46,0,50,3.6
2040,0.0004,1.58e-05,0.005,46,0,50,3.6
2041,-0.0008,1.5819999999999998e-05,0.005,46,0,50,3.6
2042,0.0004,1.584e-05,0.005,46,0,50,3.6
2043,0.0008,1.5859999999999997e-05,0.005,46,0,50,3.6
2044,0.0012000000000000001,1.588e-05,0.005,46,0,50,3.6
2045,0.0004,1.5899999999999997e-05,0.005,46,0,50,3.6
2046,0.0,1.592e-05,0.005,46,0,50,3.6
2047,0.0004,1.5939999999999996e-05,0.005,46,0,50,3.6
2048,0.0004,1.596e-05,0.005,46,0,50,3.6
2049,0.0004,1.5980000000000003e-05,0.005,46,0,50,3.6
2050,0.0016,1.6e-05,0.005,46,0,50,3.6
2051,0.002,1.6020000000000002e-05,0.005,46,0,50,3.6
2052,0.0012000000000000001,1.604e-05,0.005,46,0,50,3.6
2053,0.0016,1.6060000000000002e-05,0.005,46,0,50,3.6
2054,0.0016,1.608e-05,0.005,46,0,50,3.6
2055,0.0016,1.6100000000000002e-05,0.005,46,0,50,3.6
2056,0.0004,1.6119999999999998e-05,0.005,46,0,50,3.6
2057,-0.0004,1.614e-05,0.005,46,0,50,3.6
2058,0.0016,1.6159999999999998e-05,0.005,46,0,50,3.6
2059,0.0016,1.618e-05,0.005,46,0,50,3.6
2060,0.0004,1.6199999999999997e-05,0.005,46,0,50,3.6
2061,0.0004,1.622e-05,0.005,46,0,50,3.6
2062,0.0012000000000000001,1.6239999999999997e-05,0.005,46,0,50,3.6
2063,0.0012000000000000001,1.626e-05,0.005,46,0,50,3.6
2064,0.0016,1.6279999999999997e-05,0.005,46,0,50,3.6
2065,0.0008,1.63e-05,0.005,46,0,50,3.6
2066,0.0004,1.6320000000000003e-05,0.005,46,0,50,3.6
2067,0.0,1.634e-05,0.005,46,0,50,3.6
2068,0.0008,1.6360000000000003e-05,0.005,46,0,50,3.6
2069,0.0008,1.638e-05,0.005,46,0,50,3.6
2070,0.0016,1.6400000000000002e-05,0.005,46,0,50,3.6
2071,0.002,1.642e-05,0.005,46,0,50,3.6
2072,0.0016,1.6440000000000002e-05,0.005,46,0,50,3.6
2073,0.0004,1.6459999999999998e-05,0.005,46,0,50,3.6
2074,0.0008,1.648e-05,0.005,46,0,50,3.6
2075,0.0016,1.6499999999999998e-05,0.005,46,0,50,3.6
2076,0.0,1.652e-05,0.005,46,0,50,3.6
2077,0.0,1.6539999999999997e-05,0.005,46,0,50,3.6
2078,-0.0008,1.656e-05,0.005,46,0,50,3.6
2079,0.0,1.6579999999999997e-05,0.005,46,0,50,3.6
2080,0.0012000000000000001,1.66e-05,0.005,46,0,50,3.6
2081,0.0,1.6619999999999997e-05,0.005,46,0,50,3.6
2082,-0.0004,1.664e-05,0.005,46,0,50,3.6
2083,0.0,1.6659999999999996e-05,0.005,46,0,50,3.6
2084,0.0012000000000000001,1.668e-05,0.005,46,0,50,3.6
2085,0.0004,1.6700000000000003e-05,0.005,46,0,50,3.6
2086,0.0008,1.672e-05,0.005,46,0,50,3.6
2087,0.0008,1.6740000000000002e-05,0.005,46,0,50,3.6
2088,0.0012000000000000001,1.676e-05,0.005,46,0,50,3.6
2089,0.0,1.6780000000000002e-05,0.005,46,0,50,3.6
2090,0.0,1.68e-05,0.005,46,0,50,3.6
2091,0.0008,1.682e-05,0.005,46,0,50,3.6
2092,0.0,1.6839999999999998e-05,0.005,46,0,50,3.6
2093,-0.0008,1.686e-05,0.005,46,0,50,3.6
2094,-0.0008,1.6879999999999998e-05,0.005,46,0,50,3.6
2095,0.0004,1.69e-05,0.005,46,0,50,3.6
2096,0.0008,1.6919999999999997e-05,0.005,46,0,50,3.6
2097,0.0,1.694e-05,0.005,46,0,50,3.6
2098,-0.0004,1.6959999999999997e-05,0.005,46,0,50,3.6
2099,0.0,1.698e-05,0.005,46,0,50,3.6
2100,0.0012000000000000001,1.6999999999999996e-05,0.005,46,0,50,3.6
2101,0.0012000000000000001,1.702e-05,0.005,46,0,50,3.6
2102,0.0004,1.7040000000000003e-05,0.005,46,0,50,3.6
2103,0.0004,1.706e-05,0.005,46,0,50,3.6
2104,0.0004,1.7080000000000002e-05,0.005,46,0,50,3.6
2105,0.0012000000000000001,1.71e-05,0.005,46,0,50,3.6
2106,0.0008,1.7120000000000002e-05,0.005,46,0,50,3.6
2107,0.0012000000000000001,1.714e-05,0.005,46,0,50,3.6
2108,0.0,1.7160000000000002e-05,0.005,46,0,50,3.6
2109,0.0004,1.7179999999999998e-05,0.005,46,0,50,3.6
2110,0.0012000000000000001,1.72e-05,0.005,46,0,50,3.6
2111,0.0016,1.7219999999999998e-05,0.005,46,0,50,3.6
2112,0.0012000000000000001,1.724e-05,0.005,46,0,50,3.6
2113,0.0008,1.7259999999999997e-05,0.005,46,0,50,3.6
2114,0.0,1.728e-05,0.005,46,0,50,3.6
2115,0.0008,1.7299999999999997e-05,0.005,46,0,50,3.6
2116,0.0012000000000000001,1.732e-05,0.005,46,0,50,3.6
2117,0.0012000000000000001,1.7339999999999997e-05,0.005,46,0,50,3.6
2118,0.0008,1.736e-05,0.005,46,0,50,3.6
2119,0.0,1.7380000000000003e-05,0.005,46,0,50,3.6
2120,0.0008,1.74e-05,0.005,46,0,50,3.6
2121,0.0012000000000000001,1.7420000000000003e-05,0.005,46,0,50,3.6
2122,0.0012000000000000001,1.744e-05,0.005,46,0,50,3.6
2123,0.0012000000000000001,1.7460000000000002e-05,0.005,46,0,50,3.6
2124,0.0012000000000000001,1.748e-05,0.005,46,0,50,3.6
2125,0.0016,1.7500000000000002e-05,0.005,46,0,50,3.6
2126,0.0012000000000000001,1.7519999999999998e-05,0.005,46,0,50,3.6
2127,0.0008,1.754e-05,0.005,46,0,50,3.6
2128,0.0,1.7559999999999998e-05,0.005,46,0,50,3.6
2129,0.0008,1.758e-05,0.005,46,0,50,3.6
2130,0.0004,1.7599999999999998e-05,0.005,46,0,50,3.6
2131,0.0008,1.762e-05,0.005,46,0,50,3.6
2132,0.0008,1.7639999999999997e-05,0.005,46,0,50,3.6
2133,0.0012000000000000001,1.766e-05,0.005,46,0,50,3.6
2134,0.0004,1.7679999999999997e-05,0.005,46,0,50,3.6
2135,0.0004,1.77e-05,0.005,46,0,50,3.6
2136,0.0008,1.7719999999999996e-05,0.005,46,0,50,3.6
2137,0.0016,1.774e-05,0.005,46,0,50,3.6
2138,0.0008,1.7760000000000003e-05,0.005,46,0,50,3.6
2139,-0.0004,1.778e-05,0.005,46,0,50,3.6
2140,-0.0004,1.7800000000000002e-05,0.005,46,0,50,3.6
2141,0.0012000000000000001,1.782e-05,0.005,46,0,50,3.6
2142,0.002,1.7840000000000002e-05,0.005,46,0,50,3.6
2143,0.0,1.786e-05,0.005,46,0,50,3.6
2144,0.0,1.788e-05,0.005,46,0,50,3.6
2145,0.0,1.7899999999999998e-05,0.005,46,0,50,3.6
2146,0.0008,1.792e-05,0.005,46,0,50,3.6
2147,0.0008,1.7939999999999998e-05,0.005,46,0,50,3.6
2148,-0.0004,1.796e-05,0.005,46,0,50,3.6
2149,0.0,1.7979999999999997e-05,0.005,46,0,50,3.6
2150,0.0008,1.8e-05,0.005,46,0,50,3.6
2151,0.0008,1.8019999999999997e-05,0.005,46,0,50,3.6
2152,0.0008,1.804e-05,0.005,46,0,50,3.6
2153,0.0012000000000000001,1.8059999999999996e-05,0.005,46,0,50,3.6
2154,0.0012000000000000001,1.808e-05,0.005,46,0,50,3.6
2155,-0.0004,1.8100000000000003e-05,0.005,46,0,50,3.6
2156,0.0004,1.812e-05,0.005,46,0,50,3.6
2157,0.0012000000000000001,1.8140000000000003e-05,0.005,46,0,50,3.6
2158,0.0012000000000000001,1.816e-05,0.005,46,0,50,3.6
2159,0.0004,1.8180000000000002e-05,0.005,46,0,50,3.6
2160,0.0,1.82e-05,0.005,46,0,50,3.6
2161,0.0012000000000000001,1.8220000000000002e-05,0.005,46,0,50,3.6
2162,0.0024000000000000002,1.8239999999999998e-05,0.005,46,0,50,3.6
2163,0.0016,1.826e-05,0.005,46,0,50,3.6
2164,-0.0004,1.8279999999999998e-05,0.005,46,0,50,3.6
2165,-0.0008,1.83e-05,0.005,46,0,50,3.6
2166,0.0012000000000000001,1.8319999999999997e-05,0.005,46,0,50,3.6
2167,0.0012000000000000001,1.834e-05,0.005,46,0,50,3.6
2168,0.0012000000000000001,1.8359999999999997e-05,0.005,46,0,50,3.6
2169,0.0016,1.838e-05,0.005,46,0,50,3.6
2170,0.0016,1.8399999999999997e-05,0.005,46,0,50,3.6
2171,0.0016,1.842e-05,0.005,46,0,50,3.6
2172,0.0004,1.8440000000000003e-05,0.005,46,0,50,3.6
2173,0.0012000000000000001,1.846e-05,0.005,46,0,50,3.6
2174,0.0012000000000000001,1.8480000000000003e-05,0.005,46,0,50,3.6
2175,0.0004,1.85e-05,0.005,46,0,50,3.6
2176,0.0008,1.8520000000000002e-05,0.005,46,0,50,3.6
2177,0.0012000000000000001,1.854e-05,0.005,46,0,50,3.6
2178,0.0012000000000000001,1.8560000000000002e-05,0.005,46,0,50,3.6
2179,0.0012000000000000001,1.8579999999999998e-05,0.005,46,0,50,3.6
2180,0.0004,1.86e-05,0.005,46,0,50,3.6
2181,0.0008,1.8619999999999998e-05,0.005,46,0,50,3.6
2182,0.0016,1.864e-05,0.005,46,0,50,3.6
2183,0.0024000000000000002,1.8659999999999998e-05,0.005,46,0,50,3.6
2184,0.0016,1.868e-05,0.005,46,0,50,3.6
2185,0.0008,1.8699999999999997e-05,0.005,46,0,50,3.6
2186,0.002,1.872e-05,0.005,46,0,50,3.6
2187,0.0008,1.8739999999999997e-05,0.005,46,0,50,3.6
2188,0.002,1.876e-05,0.005,46,0,50,3.6
2189,0.0008,1.8779999999999996e-05,0.005,46,0,50,3.6
2190,0.0016,1.88e-05,0.005,46,0,50,3.6
2191,0.0004,1.8820000000000003e-05,0.005,46,0,50,3.6
2192,0.0004,1.884e-05,0.005,46,0,50,3.6
2193,0.0008,1.8860000000000002e-05,0.005,46,0,50,3.6
2194,0.0012000000000000001,1.888e-05,0.005,46,0,50,3.6
2195,0.0008,1.8900000000000002e-05,0.005,46,0,50,3.6
2196,0.0008,1.892e-05,0.005,46,0,50,3.6
2197,0.0008,1.894e-05,0.005,46,0,50,3.6
2198,0.0,1.8959999999999998e-05,0.005,46,0,50,3.6
2199,0.0016,1.898e-05,0.005,46,0,50,3.6
2200,0.0012000000000000001,1.8999999999999998e-05,0.005,46,0,50,3.6
2201,0.0,1.902e-05,0.005,46,0,50,3.6
2202,0.0008,1.9039999999999997e-05,0.005,46,0,50,3.6
2203,0.0012000000000000001,1.906e-05,0.005,46,0,50,3.6
2204,0.002,1.9079999999999997e-05,0.005,46,0,50,3.6
2205,0.002,1.91e-05,0.005,46,0,50,3.6
2206,0.0012000000000000001,1.9119999999999997e-05,0.005,46,0,50,3.6
2207,0.0016,1.914e-05,0.005,46,0,50,3.6
2208,0.0012000000000000001,1.9160000000000003e-05,0.005,46,0,50,3.6
2209,0.002,1.918e-05,0.005,46,0,50,3.6
2210,0.0012000000000000001,1.9200000000000003e-05,0.005,46,0,50,3.6
2211,0.0012000000000000001,1.922e-05,0.005,46,0,50,3.6
2212,0.0012000000000000001,1.9240000000000002e-05,0.005,46,0,50,3.6
2213,0.0008,1.926e-05,0.005,46,0,50,3.6
2214,0.0008,1.9280000000000002e-05,0.005,46,0,50,3.6
2215,0.0012000000000000001,1.9299999999999998e-05,0.005,46,0,50,3.6
2216,0.0008,1.932e-05,0.005,46,0,50,3.6
2217,0.0012000000000000001,1.9339999999999998e-05,0.005,46,0,50,3.6
2218,0.0012000000000000001,1.936e-05,0.005,46,0,50,3.6
2219,0.0016,1.9379999999999997e-05,0.005,46,0,50,3.6
2220,0.0016,1.94e-05,0.005,46,0,50,3.6
2221,0.0012000000000000001,1.9419999999999997e-05,0.005,46,0,50,3.6
2222,0.0012000000000000001,1.944e-05,0.005,46,0,50,3.6
2223,0.0016,1.9459999999999997e-05,0.005,46,0,50,3.6
2224,0.002,1.948e-05,0.005,46,0,50,3.6
2225,0.0016,1.9500000000000003e-05,0.005,46,0,50,3.6
2226,0.0,1.952e-05,0.005,46,0,50,3.6
2227,0.0012000000000000001,1.9540000000000003e-05,0.005,46,0,50,3.6
2228,0.0024000000000000002,1.956e-05,0.005,46,0,50,3.6
2229,0.0012000000000000001,1.9580000000000002e-05,0.005,46,0,50,3.6
2230,0.0004,1.96e-05,0.005,46,0,50,3.6
2231,0.0008,1.9620000000000002e-05,0.005,46,0,50,3.6
2232,0.0012000000000000001,1.964e-05,0.005,46,0,50,3.6
2233,0.0016,1.966e-05,0.005,46,0,50,3.6
2234,0.0012000000000000001,1.9679999999999998e-05,0.005,46,0,50,3.6
2235,0.0012000000000000001,1.97e-05,0.005,46,0,50,3.6
2236,0.0012000000000000001,1.9719999999999998e-05,0.005,46,0,50,3.6
2237,0.0012000000000000001,1.974e-05,0.005,46,0,50,3.6
2238,0.0012000000000000001,1.9759999999999997e-05,0.005,46,0,50,3.6
2239,0.0016,1.978e-05,0.005,46,0,50,3.6
2240,0.0016,1.9799999999999997e-05,0.005,46,0,50,3.6
2241,0.0016,1.982e-05,0.005,46,0,50,3.6
2242,0.0,1.9839999999999996e-05,0.005,46,0,50,3.6
2243,0.0012000000000000001,1.986e-05,0.005,46,0,50,3.6
2244,0.002,1.9880000000000003e-05,0.005,46,0,50,3.6
2245,0.002,1.99e-05,0.005,46,0,50,3.6
2246,0.0016,1.9920000000000002e-05,0.005,46,0,50,3.6
2247,0.0,1.994e-05,0.005,46,0,50,3.6
2248,0.0012000000000000001,1.9960000000000002e-05,0.005,46,0,50,3.6
2249,0.0028,1.998e-05,0.005,46,0,50,3.6
2250,0.0012000000000000001,2e-05,0.005,46,0,50,3.6
2251,0.0012000000000000001,2.0019999999999998e-05,0.005,46,0,50,3.6
2252,0.0004,2.004e-05,0.005,46,0,50,3.6
2253,0.0008,2.0059999999999998e-05,0.005,46,0,50,3.6
2254,0.0008,2.008e-05,0.005,46,0,50,3.6
2255,0.0008,2.0099999999999997e-05,0.005,46,0,50,3.6
2256,0.0012000000000000001,2.012e-05,0.005,46,0,50,3.6
2257,0.0012000000000000001,2.0139999999999997e-05,0.005,46,0,50,3.6
2258,0.0008,2.016e-05,0.005,46,0,50,3.6
2259,0.0004,2.0179999999999997e-05,0.005,46,0,50,3.6
2260,0.0008,2.02e-05,0.005,46,0,50,3.6
2261,0.0012000000000000001,2.0220000000000003e-05,0.005,46,0,50,3.6
2262,0.0008,2.024e-05,0.005,46,0,50,3.6
2263,0.0,2.0260000000000003e-05,0.005,46,0,50,3.6
2264,0.0004,2.028e-05,0.005,46,0,50,3.6
2265,0.0008,2.0300000000000002e-05,0.005,46,0,50,3.6
2266,0.0012000000000000001,2.032e-05,0.005,46,0,50,3.6
2267,0.0008,2.0340000000000002e-05,0.005,46,0,50,3.6
2268,0.0008,2.0359999999999998e-05,0.005,46,0,50,3.6
2269,0.002,2.038e-05,0.005,46,0,50,3.6
2270,0.002,2.0399999999999998e-05,0.005,46,0,50,3.6
2271,0.0012000000000000001,2.042e-05,0.005,46,0,50,3.6
2272,0.0004,2.0439999999999997e-05,0.005,46,0,50,3.6
2273,0.0012000000000000001,2.046e-05,0.005,46,0,50,3.6
2274,0.0012000000000000001,2.0479999999999997e-05,0.005,46,0,50,3.6
2275,0.0016,2.05e-05,0.005,46,0,50,3.6
2276,0.0012000000000000001,2.0519999999999997e-05,0.005,46,0,50,3.6
2277,0.0008,2.054e-05,0.005,46,0,50,3.6
2278,0.0008,2.0560000000000003e-05,0.005,46,0,50,3.6
2279,0.0016,2.058e-05,0.005,46,0,50,3.6
2280,0.0016,2.0600000000000003e-05,0.005,46,0,50,3.6
2281,0.002,2.062e-05,0.005,46,0,50,3.6
2282,0.002,2.0640000000000002e-05,0.005,46,0,50,3.6
2283,0.002,2.066e-05,0.005,46,0,50,3.6
2284,0.0004,2.0680000000000002e-05,0.005,46,0,50,3.6
2285,-0.0148,2.07e-05,0.005,46,0,50,3.6
2286,0.0028,2.072e-05,0.005,46,0,50,3.6
2287,0.0016,2.0739999999999998e-05,0.005,46,0,50,3.6
2288,0.0008,2.076e-05,0.005,46,0,50,3.6
2289,0.0016,2.0779999999999998e-05,0.005,46,0,50,3.6
2290,0.002,2.08e-05,0.005,46,0,50,3.6
2291,0.0016,2.0819999999999997e-05,0.005,46,0,50,3.6
2292,0.002,2.084e-05,0.005,46,0,50,3.6
2293,0.0012000000000000001,2.0859999999999997e-05,0.005,46,0,50,3.6
2294,0.0008,2.088e-05,0.005,46,0,50,3.6
2295,0.0008,2.0899999999999996e-05,0.005,46,0,50,3.6
2296,0.0008,2.092e-05,0.005,46,0,50,3.6
2297,0.0012000000000000001,2.0940000000000003e-05,0.005,46,0,50,3.6
2298,0.0012000000000000001,2.096e-05,0.005,46,0,50,3.6
2299,-0.0008,2.0980000000000002e-05,0.005,46,0,50,3.6
2300,0.0,2.1e-05,0.005,46,0,50,3.6
2301,0.0004,2.1020000000000002e-05,0.005,46,0,50,3.6
2302,0.0008,2.104e-05,0.005,46,0,50,3.6
2303,0.0012000000000000001,2.106e-05,0.005,46,0,50,3.6
2304,0.0012000000000000001,2.1079999999999998e-05,0.005,46,0,50,3.6
2305,0.0004,2.11e-05,0.005,46,0,50,3.6
2306,0.002,2.1119999999999998e-05,0.005,46,0,50,3.6
2307,0.0024000000000000002,2.114e-05,0.005,46,0,50,3.6
2308,0.0008,2.1159999999999997e-05,0.005,46,0,50,3.6
2309,0.0004,2.118e-05,0.005,46,0,50,3.6
2310,0.0016,2.1199999999999997e-05,0.005,46,0,50,3.6
2311,0.0004,2.122e-05,0.005,46,0,50,3.6
2312,0.0008,2.1239999999999997e-05,0.005,46,0,50,3.6
2313,0.0004,2.126e-05,0.005,46,0,50,3.6
2314,0.0008,2.1280000000000003e-05,0.005,46,0,50,3.6
2315,0.0008,2.13e-05,0.005,46,0,50,3.6
2316,0.0016,2.1320000000000003e-05,0.005,46,0,50,3.6
2317,0.0004,2.134e-05,0.005,46,0,50,3.6
2318,0.0004,2.1360000000000002e-05,0.005,46,0,50,3.6
2319,0.0,2.138e-05,0.005,46,0,50,3.6
2320,0.0,2.1400000000000002e-05,0.005,46,0,50,3.6
2321,0.0008,2.1419999999999998e-05,0.005,46,0,50,3.6
2322,0.0004,2.144e-05,0.005,46,0,50,3.6
2323,0.0012000000000000001,2.1459999999999998e-05,0.005,46,0,50,3.6
2324,0.0008,2.148e-05,0.005,46,0,50,3.6
2325,0.0004,2.1499999999999997e-05,0.005,46,0,50,3.6
2326,0.0008,2.152e-05,0.005,46,0,50,3.6
2327,0.0008,2.1539999999999997e-05,0.005,46,0,50,3.6
2328,0.0004,2.156e-05,0.005,46,0,50,3.6
2329,0.0004,2.1579999999999997e-05,0.005,46,0,50,3.6
2330,0.0004,2.16e-05,0.005,46,0,50,3.6
2331,0.0012000000000000001,2.1620000000000003e-05,0.005,46,0,50,3.6
2332,0.002,2.164e-05,0.005,46,0,50,3.6
2333,0.0004,2.1660000000000003e-05,0.005,46,0,50,3.6
2334,0.0008,2.168e-05,0.005,46,0,50,3.6
2335,0.0004,2.1700000000000002e-05,0.005,46,0,50,3.6
2336,0.0016,2.172e-05,0.005,46,0,50,3.6
2337,0.0016,2.1740000000000002e-05,0.005,46,0,50,3.6
2338,0.0012000000000000001,2.176e-05,0.005,46,0,50,3.6
2339,0.0016,2.178e-05,0.005,46,0,50,3.6
2340,0.002,2.1799999999999998e-05,0.005,46,0,50,3.6
2341,0.002,2.182e-05,0.005,46,0,50,3.6
2342,0.0024000000000000002,2.1839999999999998e-05,0.005,46,0,50,3.6
2343,0.0016,2.186e-05,0.005,46,0,50,3.6
2344,0.0008,2.1879999999999997e-05,0.005,46,0,50,3.6
2345,0.0008,2.19e-05,0.005,46,0,50,3.6
2346,0.0012000000000000001,2.1919999999999997e-05,0.005,46,0,50,3.6
2347,0.0016,2.194e-05,0.005,46,0,50,3.6
2348,0.0016,2.1959999999999996e-05,0.005,46,0,50,3.6
2349,0.0004,2.198e-05,0.005,46,0,50,3.6
2350,0.0012000000000000001,2.2000000000000003e-05,0.005,46,0,50,3.6
2351,0.0016,2.202e-05,0.005,46,0,50,3.6
2352,0.0024000000000000002,2.2040000000000002e-05,0.005,46,0,50,3.6
2353,0.0016,2.206e-05,0.005,46,0,50,3.6
2354,-0.0008,2.2080000000000002e-05,0.005,46,0,50,3.6
2355,0.0004,2.21e-05,0.005,46,0,50,3.6
2356,0.0012000000000000001,2.212e-05,0.005,46,0,50,3.6
2357,0.0004,2.2139999999999998e-05,0.005,46,0,50,3.6
2358,0.0,2.216e-05,0.005,46,0,50,3.6
2359,0.0004,2.2179999999999998e-05,0.005,46,0,50,3.6
2360,0.0008,2.22e-05,0.005,46,0,50,3.6
2361,0.0004,2.2219999999999997e-05,0.005,46,0,50,3.6
2362,0.0008,2.224e-05,0.005,46,0,50,3.6
2363,0.0004,2.2259999999999997e-05,0.005,46,0,50,3.6
2364,0.0004,2.228e-05,0.005,46,0,50,3.6
2365,0.0,2.2299999999999997e-05,0.005,46,0,50,3.6
2366,-0.0004,2.232e-05,0.005,46,0,50,3.6
2367,0.0016,2.2340000000000003e-05,0.005,46,0,50,3.6
2368,0.0016,2.236e-05,0.005,46,0,50,3.6
2369,0.0012000000000000001,2.2380000000000003e-05,0.005,46,0,50,3.6
2370,0.0,2.24e-05,0.005,46,0,50,3.6
2371,-0.0004,2.2420000000000002e-05,0.005,46,0,50,3.6
2372,0.0012000000000000001,2.244e-05,0.005,46,0,50,3.6
2373,0.0012000000000000001,2.2460000000000002e-05,0.005,46,0,50,3.6
2374,0.0004,2.2479999999999998e-05,0.005,46,0,50,3.6
2375,-0.0004,2.25e-05,0.005,46,0,50,3.6
2376,0.0004,2.2519999999999998e-05,0.005,46,0,50,3.6
2377,0.0008,2.254e-05,0.005,46,0,50,3.6
2378,0.0016,2.2559999999999997e-05,0.005,46,0,50,3.6
2379,0.0012000000000000001,2.258e-05,0.005,46,0,50,3.6
2380,0.0008,2.2599999999999997e-05,0.005,46,0,50,3.6
2381,0.0012000000000000001,2.262e-05,0.005,46,0,50,3.6
2382,0.0008,2.2639999999999997e-05,0.005,46,0,50,3.6
2383,0.0016,2.266e-05,0.005,46,0,50,3.6
2384,0.0016,2.2680000000000003e-05,0.005,46,0,50,3.6
2385,0.0012000000000000001,2.27e-05,0.005,46,0,50,3.6
2386,0.0012000000000000001,2.2720000000000003e-05,0.005,46,0,50,3.6
2387,0.0008,2.274e-05,0.005,46,0,50,3.6
2388,0.002,2.2760000000000002e-05,0.005,46,0,50,3.6
2389,0.002,2.278e-05,0.005,46,0,50,3.6
2390,0.0004,2.2800000000000002e-05,0.005,46,0,50,3.6
2391,0.0004,2.282e-05,0.005,46,0,50,3.6
2392,0.0008,2.284e-05,0.005,46,0,50,3.6
2393,0.0012000000000000001,2.2859999999999998e-05,0.005,46,0,50,3.6
2394,0.002,2.288e-05,0.005,46,0,50,3.6
2395,0.0004,2.2899999999999998e-05,0.005,46,0,50,3.6
2396,0.0,2.292e-05,0.005,46,0,50,3.6
2397,0.0012000000000000001,2.2939999999999997e-05,0.005,46,0,50,3.6
2398,0.0012000000000000001,2.296e-05,0.005,46,0,50,3.6
2399,0.0,2.2979999999999997e-05,0.005,46,0,50,3.6
2400,0.0004,2.3e-05,0.005,46,0,50,3.6
2401,0.0004,2.3019999999999996e-05,0.005,46,0,50,3.6
2402,0.0012000000000000001,2.304e-05,0.005,46,0,50,3.6
2403,0.0016,2.3060000000000003e-05,0.005,46,0,50,3.6
2404,0.0012000000000000001,2.308e-05,0.005,46,0,50,3.6
2405,0.0008,2.3100000000000002e-05,0.005,46,0,50,3.6
2406,0.0004,2.312e-05,0.005,46,0,50,3.6
2407,0.0,2.3140000000000002e-05,0.005,46,0,50,3.6
2408,0.0,2.316e-05,0.005,46,0,50,3.6
2409,0.0016,2.318e-05,0.005,46,0,50,3.6
2410,0.0004,2.3199999999999998e-05,0.005,46,0,50,3.6
2411,-0.0008,2.322e-05,0.005,46,0,50,3.6
2412,-0.0012000000000000001,2.3239999999999998e-05,0.005,46,0,50,3.6
2413,-0.0004,2.326e-05,0.005,46,0,50,3.6
2414,0.0008,2.3279999999999997e-05,0.005,46,0,50,3.6
2415,0.0008,2.33e-05,0.005,46,0,50,3.6
2416,-0.0008,2.3319999999999997e-05,0.005,46,0,50,3.6
2417,0.0,2.334e-05,0.005,46,0,50,3.6
2418,0.0,2.3359999999999997e-05,0.005,46,0,50,3.6
2419,0.0008,2.338e-05,0.005,46,0,50,3.6
2420,0.0008,2.3400000000000003e-05,0.005,46,0,50,3.6
2421,0.0,2.342e-05,0.005,46,0,50,3.6
2422,0.0008,2.3440000000000003e-05,0.005,46,0,50,3.6
2423,0.0004,2.346e-05,0.005,46,0,50,3.6
2424,0.0004,2.3480000000000002e-05,0.005,46,0,50,3.6
2425,0.0008,2.35e-05,0.005,46,0,50,3.6
2426,0.0008,2.3520000000000002e-05,0.005,46,0,50,3.6
2427,-0.0004,2.3539999999999998e-05,0.005,46,0,50,3.6
2428,-0.0008,2.356e-05,0.005,46,0,50,3.6
2429,0.0,2.3579999999999998e-05,0.005,46,0,50,3.6
2430,0.0016,2.36e-05,0.005,46,0,50,3.6
2431,0.0012000000000000001,2.3619999999999997e-05,0.005,46,0,50,3.6
2432,-0.0004,2.364e-05,0.005,46,0,50,3.6
2433,0.0,2.3659999999999997e-05,0.005,46,0,50,3.6
2434,0.0008,2.368e-05,0.005,46,0,50,3.6
2435,0.0012000000000000001,2.3699999999999997e-05,0.005,46,0,50,3.6
2436,-0.0004,2.372e-05,0.005,46,0,50,3.6
2437,-0.0008,2.3740000000000003e-05,0.005,46,0,50,3.6
2438,0.0008,2.376e-05,0.005,46,0,50,3.6
2439,0.0016,2.3780000000000003e-05,0.005,46,0,50,3.6
2440,0.0012000000000000001,2.38e-05,0.005,46,0,50,3.6
2441,-0.0008,2.3820000000000002e-05,0.005,46,0,50,3.6
2442,0.0008,2.384e-05,0.005,46,0,50,3.6
2443,0.0004,2.3860000000000002e-05,0.005,46,0,50,3.6
2444,0.0012000000000000001,2.388e-05,0.005,46,0,50,3.6
2445,0.0008,2.39e-05,0.005,46,0,50,3.6
2446,0.0004,2.3919999999999998e-05,0.005,46,0,50,3.6
2447,0.0,2.394e-05,0.005,46,0,50,3.6
2448,0.0004,2.3959999999999998e-05,0.005,46,0,50,3.6
2449,0.0008,2.398e-05,0.005,46,0,50,3.6
2450,0.0012000000000000001,2.3999999999999997e-05,0.005,46,0,50,3.6
2451,0.0008,2.402e-05,0.005,46,0,50,3.6
2452,-0.0004,2.4039999999999997e-05,0.005,46,0,50,3.6
2453,-0.0004,2.406e-05,0.005,46,0,50,3.6
2454,0.0008,2.4079999999999996e-05,0.005,46,0,50,3.6
2455,0.0,2.41e-05,0.005,46,0,50,3.6
2456,0.0008,2.4120000000000003e-05,0.005,46,0,50,3.6
2457,0.0,2.414e-05,0.005,46,0,50,3.6
2458,-0.0004,2.4160000000000002e-05,0.005,46,0,50,3.6
2459,0.0008,2.418e-05,0.005,46,0,50,3.6
2460,0.0008,2.4200000000000002e-05,0.005,46,0,50,3.6
2461,0.0004,2.422e-05,0.005,46,0,50,3.6
2462,0.0004,2.4240000000000002e-05,0.005,46,0,50,3.6
2463,-0.0004,2.4259999999999998e-05,0.005,46,0,50,3.6
2464,0.0004,2.428e-05,0.005,46,0,50,3.6
2465,0.0016,2.4299999999999998e-05,0.005,46,0,50,3.6
2466,0.0016,2.432e-05,0.005,46,0,50,3.6
2467,0.0008,2.4339999999999997e-05,0.005,46,0,50,3.6
2468,0.0008,2.436e-05,0.005,46,0,50,3.6
2469,0.0004,2.4379999999999997e-05,0.005,46,0,50,3.6
2470,-0.0008,2.44e-05,0.005,46,0,50,3.6
2471,0.0004,2.4419999999999997e-05,0.005,46,0,50,3.6
2472,0.0004,2.444e-05,0.005,46,0,50,3.6
2473,0.0,2.4460000000000003e-05,0.005,46,0,50,3.6
2474,-0.0008,2.448e-05,0.005,46,0,50,3.6
2475,0.0004,2.4500000000000003e-05,0.005,46,0,50,3.6
2476,0.0012000000000000001,2.452e-05,0.005,46,0,50,3.6
2477,0.0008,2.4540000000000002e-05,0.005,46,0,50,3.6
2478,0.0,2.456e-05,0.005,46,0,50,3.6
2479,0.0,2.4580000000000002e-05,0.005,46,0,50,3.6
2480,0.0008,2.4599999999999998e-05,0.005,46,0,50,3.6
2481,0.0012000000000000001,2.462e-05,0.005,46,0,50,3.6
2482,0.0012000000000000001,2.4639999999999998e-05,0.005,46,0,50,3.6
2483,0.0,2.466e-05,0.005,46,0,50,3.6
2484,0.0008,2.4679999999999997e-05,0.005,46,0,50,3.6
2485,0.0012000000000000001,2.47e-05,0.005,46,0,50,3.6
2486,0.0012000000000000001,2.4719999999999997e-05,0.005,46,0,50,3.6
2487,0.002,2.474e-05,0.005,46,0,50,3.6
2488,0.0016,2.4759999999999997e-05,0.005,46,0,50,3.6
2489,0.0012000000000000001,2.478e-05,0.005,46,0,50,3.6
2490,0.0008,2.4800000000000003e-05,0.005,46,0,50,3.6
2491,0.0016,2.482e-05,0.005,46,0,50,3.6
2492,0.0016,2.4840000000000003e-05,0.005,46,0,50,3.6
2493,0.0012000000000000001,2.486e-05,0.005,46,0,50,3.6
2494,-0.0004,2.4880000000000002e-05,0.005,46,0,50,3.6
2495,-0.0008,2.49e-05,0.005,46,0,50,3.6
2496,0.0012000000000000001,2.4920000000000002e-05,0.005,46,0,50,3.6
2497,0.0012000000000000001,2.494e-05,0.005,46,0,50,3.6
2498,0.0012000000000000001,2.496e-05,0.005,46,0,50,3.6
2499,0.0004,2.4979999999999998e-05,0.005,46,0,50,3.6
