,Datos,Tiempo,Tiempo de integración [ms]
0,-0.05,-0.0064,10
1,-0.049960000000000004,-0.007200000000000001,10
2,-0.049920000000000006,-0.0056,10
3,-0.04988,-0.0048000000000000004,10
4,-0.04984,-0.007200000000000001,10
5,-0.049800000000000004,-0.0032,10
6,-0.049760000000000006,-0.016,10
7,-0.04972,-0.009600000000000001,10
8,-0.04968,-0.009600000000000001,10
9,-0.049640000000000004,-0.0112,10
10,-0.049600000000000005,-0.009600000000000001,10
11,-0.04956,-0.0064,10
12,-0.04952,-0.0088,10
13,-0.04948,-0.009600000000000001,10
14,-0.049440000000000005,-0.019200000000000002,10
15,-0.0494,-0.02,10
16,-0.04936,-0.0152,10
17,-0.04932,-0.0184,10
18,-0.049280000000000004,-0.014400000000000001,10
19,-0.049240000000000006,-0.016800000000000002,10
20,-0.0492,-0.0128,10
21,-0.04916,-0.004,10
22,-0.049120000000000004,-0.0088,10
23,-0.049080000000000006,-0.010400000000000001,10
24,-0.04904,-0.010400000000000001,10
25,-0.049,-0.008,10
26,-0.048960000000000004,-0.0112,10
27,-0.048920000000000005,-0.016800000000000002,10
28,-0.04888,-0.0128,10
29,-0.04884,-0.0176,10
30,-0.0488,-0.016800000000000002,10
31,-0.048760000000000005,-0.016800000000000002,10
32,-0.04872,-0.0112,10
33,-0.04868,-0.012,10
34,-0.04864,-0.0088,10
35,-0.048600000000000004,-0.031200000000000002,10
36,-0.048560000000000006,-0.023200000000000002,10
37,-0.04852,-0.0224,10
38,-0.04848,-0.0184,10
39,-0.048440000000000004,-0.014400000000000001,10
40,-0.048400000000000006,-0.014400000000000001,10
41,-0.04836,-0.014400000000000001,10
42,-0.04832,-0.014400000000000001,10
43,-0.04828,-0.010400000000000001,10
44,-0.048240000000000005,-0.009600000000000001,10
45,-0.0482,-0.0112,10
46,-0.04816,-0.010400000000000001,10
47,-0.04812,-0.007200000000000001,10
48,-0.048080000000000005,-0.007200000000000001,10
49,-0.04804,-0.0064,10
50,-0.048,-0.0056,10
51,-0.04796,-0.007200000000000001,10
52,-0.047920000000000004,-0.0056,10
53,-0.047880000000000006,-0.0128,10
54,-0.04784,-0.009600000000000001,10
55,-0.0478,-0.008,10
56,-0.047760000000000004,-0.007200000000000001,10
57,-0.047720000000000005,-0.010400000000000001,10
58,-0.04768,-0.012,10
59,-0.04764,-0.009600000000000001,10
60,-0.0476,-0.007200000000000001,10
61,-0.047560000000000005,-0.010400000000000001,10
62,-0.04752,-0.0088,10
63,-0.04748,-0.007200000000000001,10
64,-0.04744,-0.008,10
65,-0.047400000000000005,-0.016800000000000002,10
66,-0.04736,-0.019200000000000002,10
67,-0.04732,-0.0184,10
68,-0.04728,-0.023200000000000002,10
69,-0.047240000000000004,-0.023200000000000002,10
70,-0.047200000000000006,-0.0184,10
71,-0.04716,-0.02,10
72,-0.04712,-0.016800000000000002,10
73,-0.047080000000000004,-0.014400000000000001,10
74,-0.047040000000000005,-0.0112,10
75,-0.047,-0.012,10
76,-0.04696,-0.010400000000000001,10
77,-0.04692,-0.008,10
78,-0.046880000000000005,-0.012,10
79,-0.04684,-0.0128,10
80,-0.0468,-0.024,10
81,-0.04676,-0.027200000000000002,10
82,-0.046720000000000005,-0.0216,10
83,-0.04668,-0.0152,10
84,-0.04664,-0.0176,10
85,-0.0466,-0.0184,10
86,-0.046560000000000004,-0.0128,10
87,-0.046520000000000006,-0.013600000000000001,10
88,-0.04648,-0.0128,10
89,-0.04644,-0.028800000000000003,10
90,-0.046400000000000004,-0.036000000000000004,10
91,-0.046360000000000005,-0.028800000000000003,10
92,-0.04632,-0.024800000000000003,10
93,-0.04628,-0.0296,10
94,-0.04624,-0.0264,10
95,-0.046200000000000005,-0.0216,10
96,-0.04616,-0.02,10
97,-0.04612,-0.02,10
98,-0.04608,-0.0152,10
99,-0.046040000000000005,-0.0256,10
100,-0.046,-0.02,10
101,-0.04596,-0.02,10
102,-0.04592,-0.0176,10
103,-0.045880000000000004,-0.016,10
104,-0.045840000000000006,-0.0112,10
105,-0.0458,-0.020800000000000003,10
106,-0.04576,-0.02,10
107,-0.045720000000000004,-0.019200000000000002,10
108,-0.045680000000000005,-0.020800000000000003,10
109,-0.04564,-0.024,10
110,-0.0456,-0.02,10
111,-0.04556,-0.0152,10
112,-0.045520000000000005,-0.013600000000000001,10
113,-0.04548,-0.019200000000000002,10
114,-0.04544,-0.02,10
115,-0.0454,-0.014400000000000001,10
116,-0.045360000000000004,-0.013600000000000001,10
117,-0.04532,-0.012,10
118,-0.04528,-0.0152,10
119,-0.04524,-0.013600000000000001,10
120,-0.045200000000000004,-0.013600000000000001,10
121,-0.045160000000000006,-0.013600000000000001,10
122,-0.04512,-0.028800000000000003,10
123,-0.04508,-0.0344,10
124,-0.045040000000000004,-0.027200000000000002,10
125,-0.045000000000000005,-0.028800000000000003,10
126,-0.04496,-0.023200000000000002,10
127,-0.04492,-0.024800000000000003,10
128,-0.04488,-0.0264,10
129,-0.044840000000000005,-0.024,10
130,-0.0448,-0.028,10
131,-0.04476,-0.0184,10
132,-0.04472,-0.024800000000000003,10
133,-0.044680000000000004,-0.0184,10
134,-0.04464,-0.019200000000000002,10
135,-0.0446,-0.0184,10
136,-0.04456,-0.02,10
137,-0.044520000000000004,-0.0264,10
138,-0.044480000000000006,-0.0216,10
139,-0.04444,-0.027200000000000002,10
140,-0.0444,-0.0264,10
141,-0.044360000000000004,-0.0152,10
142,-0.044320000000000005,-0.016,10
143,-0.04428,-0.041600000000000005,10
144,-0.04424,-0.036000000000000004,10
145,-0.0442,-0.0376,10
146,-0.044160000000000005,-0.0328,10
147,-0.04412,-0.0368,10
148,-0.04408,-0.0296,10
149,-0.04404,-0.0296,10
150,-0.044000000000000004,-0.0328,10
151,-0.04396,-0.024800000000000003,10
152,-0.04392,-0.023200000000000002,10
153,-0.04388,-0.020800000000000003,10
154,-0.043840000000000004,-0.013600000000000001,10
155,-0.043800000000000006,-0.013600000000000001,10
156,-0.04376,-0.012,10
157,-0.04372,-0.010400000000000001,10
158,-0.043680000000000004,-0.020800000000000003,10
159,-0.043640000000000005,-0.0128,10
160,-0.0436,-0.020800000000000003,10
161,-0.04356,-0.016,10
162,-0.04352,-0.016,10
163,-0.043480000000000005,-0.016,10
164,-0.04344,-0.0224,10
165,-0.0434,-0.016,10
166,-0.04336,-0.0176,10
167,-0.043320000000000004,-0.013600000000000001,10
168,-0.04328,-0.014400000000000001,10
169,-0.04324,-0.014400000000000001,10
170,-0.0432,-0.0128,10
171,-0.043160000000000004,-0.0112,10
172,-0.043120000000000006,-0.023200000000000002,10
173,-0.04308,-0.0256,10
174,-0.04304,-0.024,10
175,-0.043000000000000003,-0.0472,10
176,-0.042960000000000005,-0.0424,10
177,-0.04292,-0.033600000000000005,10
178,-0.04288,-0.032,10
179,-0.04284,-0.0224,10
180,-0.042800000000000005,-0.0216,10
181,-0.04276,-0.02,10
182,-0.04272,-0.0128,10
183,-0.04268,-0.0128,10
184,-0.042640000000000004,-0.010400000000000001,10
185,-0.0426,-0.010400000000000001,10
186,-0.04256,-0.010400000000000001,10
187,-0.04252,-0.009600000000000001,10
188,-0.042480000000000004,-0.016800000000000002,10
189,-0.042440000000000005,-0.0184,10
190,-0.0424,-0.012,10
191,-0.04236,-0.012,10
192,-0.04232,-0.0112,10
193,-0.042280000000000005,-0.028800000000000003,10
194,-0.04224,-0.023200000000000002,10
195,-0.0422,-0.0184,10
196,-0.04216,-0.0216,10
197,-0.042120000000000005,-0.016800000000000002,10
198,-0.042080000000000006,-0.014400000000000001,10
199,-0.04204,-0.0216,10
200,-0.042,-0.036000000000000004,10
201,-0.041960000000000004,-0.0328,10
202,-0.04192,-0.031200000000000002,10
203,-0.04188,-0.0296,10
204,-0.04184,-0.0264,10
205,-0.041800000000000004,-0.055200000000000006,10
206,-0.041760000000000005,-0.04,10
207,-0.04172,-0.0368,10
208,-0.04168,-0.031200000000000002,10
209,-0.04164,-0.0224,10
210,-0.0416,-0.0224,10
211,-0.04156,-0.019200000000000002,10
212,-0.04152,-0.012,10
213,-0.04148,-0.014400000000000001,10
214,-0.041440000000000005,-0.014400000000000001,10
215,-0.041400000000000006,-0.0088,10
216,-0.04136,-0.010400000000000001,10
217,-0.04132,-0.0056,10
218,-0.041280000000000004,-0.012,10
219,-0.04124,-0.0088,10
220,-0.0412,-0.009600000000000001,10
221,-0.04116,-0.008,10
222,-0.041120000000000004,-0.024800000000000003,10
223,-0.041080000000000005,-0.016800000000000002,10
224,-0.04104,-0.014400000000000001,10
225,-0.041,-0.013600000000000001,10
226,-0.04096,-0.013600000000000001,10
227,-0.04092,-0.009600000000000001,10
228,-0.04088,-0.0184,10
229,-0.04084,-0.016,10
230,-0.0408,-0.010400000000000001,10
231,-0.040760000000000005,-0.012,10
232,-0.040720000000000006,-0.010400000000000001,10
233,-0.04068,-0.028,10
234,-0.04064,-0.02,10
235,-0.040600000000000004,-0.019200000000000002,10
236,-0.04056,-0.0152,10
237,-0.04052,-0.016800000000000002,10
238,-0.04048,-0.0128,10
239,-0.040440000000000004,-0.0128,10
240,-0.040400000000000005,-0.007200000000000001,10
241,-0.04036,-0.008,10
242,-0.04032,-0.007200000000000001,10
243,-0.04028,-0.004,10
244,-0.04024,-0.0032,10
245,-0.0402,-0.007200000000000001,10
246,-0.04016,-0.0056,10
247,-0.04012,-0.0032,10
248,-0.040080000000000005,-0.0128,10
249,-0.040040000000000006,-0.0176,10
250,-0.04,-0.012,10
251,-0.03996,-0.014400000000000001,10
252,-0.039920000000000004,-0.008,10
253,-0.03988,-0.009600000000000001,10
254,-0.03984,-0.013600000000000001,10
255,-0.0398,-0.016,10
256,-0.039760000000000004,-0.0128,10
257,-0.039720000000000005,-0.010400000000000001,10
258,-0.03968,-0.010400000000000001,10
259,-0.03964,-0.016800000000000002,10
260,-0.0396,-0.0328,10
261,-0.03956,-0.0296,10
262,-0.03952,-0.0256,10
263,-0.03948,-0.024800000000000003,10
264,-0.03944,-0.032,10
265,-0.039400000000000004,-0.0296,10
266,-0.039360000000000006,-0.031200000000000002,10
267,-0.03932,-0.028,10
268,-0.03928,-0.028,10
269,-0.039240000000000004,-0.0264,10
270,-0.0392,-0.02,10
271,-0.03916,-0.0152,10
272,-0.03912,-0.0128,10
273,-0.039080000000000004,-0.009600000000000001,10
274,-0.039040000000000005,-0.041600000000000005,10
275,-0.039,-0.0392,10
276,-0.03896,-0.0368,10
277,-0.03892,-0.028800000000000003,10
278,-0.03888,-0.023200000000000002,10
279,-0.03884,-0.019200000000000002,10
280,-0.0388,-0.0176,10
281,-0.03876,-0.023200000000000002,10
282,-0.038720000000000004,-0.019200000000000002,10
283,-0.038680000000000006,-0.028,10
284,-0.03864,-0.024800000000000003,10
285,-0.0386,-0.0216,10
286,-0.038560000000000004,-0.024800000000000003,10
287,-0.03852,-0.028800000000000003,10
288,-0.03848,-0.031200000000000002,10
289,-0.03844,-0.0264,10
290,-0.038400000000000004,-0.02,10
291,-0.038360000000000005,-0.0152,10
292,-0.03832,-0.013600000000000001,10
293,-0.03828,-0.010400000000000001,10
294,-0.03824,-0.007200000000000001,10
295,-0.0382,-0.007200000000000001,10
296,-0.03816,-0.0048000000000000004,10
297,-0.03812,-0.036000000000000004,10
298,-0.03808,-0.0344,10
299,-0.038040000000000004,-0.0296,10
300,-0.038000000000000006,-0.024800000000000003,10
301,-0.03796,-0.0176,10
302,-0.03792,-0.012,10
303,-0.037880000000000004,-0.0184,10
304,-0.03784,-0.0152,10
305,-0.0378,-0.014400000000000001,10
306,-0.03776,-0.02,10
307,-0.037720000000000004,-0.0152,10
308,-0.037680000000000005,-0.0128,10
309,-0.03764,-0.024,10
310,-0.0376,-0.023200000000000002,10
311,-0.03756,-0.0216,10
312,-0.03752,-0.024,10
313,-0.03748,-0.0224,10
314,-0.03744,-0.016,10
315,-0.0374,-0.033600000000000005,10
316,-0.037360000000000004,-0.0264,10
317,-0.037320000000000006,-0.0296,10
318,-0.03728,-0.020800000000000003,10
319,-0.03724,-0.0176,10
320,-0.037200000000000004,-0.013600000000000001,10
321,-0.03716,-0.009600000000000001,10
322,-0.03712,-0.014400000000000001,10
323,-0.03708,-0.0128,10
324,-0.037040000000000003,-0.010400000000000001,10
325,-0.037000000000000005,-0.008,10
326,-0.03696,-0.007200000000000001,10
327,-0.03692,-0.010400000000000001,10
328,-0.03688,-0.020800000000000003,10
329,-0.03684,-0.0152,10
330,-0.0368,-0.012,10
331,-0.03676,-0.0112,10
332,-0.03672,-0.009600000000000001,10
333,-0.036680000000000004,-0.0048000000000000004,10
334,-0.036640000000000006,-0.010400000000000001,10
335,-0.0366,-0.0064,10
336,-0.03656,0.0,10
337,-0.036520000000000004,-0.0008,10
338,-0.03648,0.0032,10
339,-0.03644,-0.012,10
340,-0.0364,-0.009600000000000001,10
341,-0.03636,-0.0024000000000000002,10
342,-0.036320000000000005,-0.0024000000000000002,10
343,-0.03628,-0.0016,10
344,-0.03624,-0.004,10
345,-0.0362,-0.007200000000000001,10
346,-0.03616,-0.004,10
347,-0.03612,-0.0016,10
348,-0.03608,0.0008,10
349,-0.03604,-0.0016,10
350,-0.036000000000000004,0.0024000000000000002,10
351,-0.035960000000000006,-0.014400000000000001,10
352,-0.03592,-0.0328,10
353,-0.03588,-0.0256,10
354,-0.035840000000000004,-0.024800000000000003,10
355,-0.0358,-0.0264,10
356,-0.03576,-0.0264,10
357,-0.03572,-0.016800000000000002,10
358,-0.03568,-0.0216,10
359,-0.035640000000000005,-0.014400000000000001,10
360,-0.0356,-0.012,10
361,-0.03556,-0.02,10
362,-0.03552,-0.012,10
363,-0.03548,-0.0152,10
364,-0.03544,-0.0176,10
365,-0.0354,-0.023200000000000002,10
366,-0.03536,-0.024,10
367,-0.035320000000000004,-0.0216,10
368,-0.035280000000000006,-0.016800000000000002,10
369,-0.03524,-0.012,10
370,-0.0352,-0.0112,10
371,-0.035160000000000004,-0.008,10
372,-0.03512,-0.010400000000000001,10
373,-0.03508,-0.012,10
374,-0.03504,-0.016,10
375,-0.035,-0.016800000000000002,10
376,-0.034960000000000005,-0.014400000000000001,10
377,-0.03492,-0.0152,10
378,-0.03488,-0.0128,10
379,-0.03484,-0.008,10
380,-0.0348,-0.010400000000000001,10
381,-0.03476,-0.0024000000000000002,10
382,-0.03472,-0.013600000000000001,10
383,-0.03468,-0.0328,10
384,-0.034640000000000004,-0.027200000000000002,10
385,-0.034600000000000006,-0.0256,10
386,-0.03456,-0.019200000000000002,10
387,-0.03452,-0.016,10
388,-0.034480000000000004,-0.0176,10
389,-0.03444,-0.0184,10
390,-0.0344,-0.014400000000000001,10
391,-0.03436,-0.032,10
392,-0.03432,-0.02,10
393,-0.034280000000000005,-0.024800000000000003,10
394,-0.03424000000000001,-0.020800000000000003,10
395,-0.0342,-0.016800000000000002,10
396,-0.03416,-0.012,10
397,-0.03412,-0.012,10
398,-0.03408,-0.008,10
399,-0.03404,-0.0056,10
400,-0.034,-0.0032,10
401,-0.033960000000000004,-0.009600000000000001,10
402,-0.033920000000000006,-0.0064,10
403,-0.03388,-0.0064,10
404,-0.03384,-0.004,10
405,-0.0338,-0.0056,10
406,-0.03376,-0.0048000000000000004,10
407,-0.03372,-0.0056,10
408,-0.03368,-0.0112,10
409,-0.03364,-0.0176,10
410,-0.033600000000000005,-0.010400000000000001,10
411,-0.033560000000000006,-0.0184,10
412,-0.03352,-0.012,10
413,-0.03348,-0.008,10
414,-0.03344,-0.009600000000000001,10
415,-0.0334,-0.016800000000000002,10
416,-0.03336,-0.0112,10
417,-0.03332,-0.009600000000000001,10
418,-0.033280000000000004,-0.0064,10
419,-0.033240000000000006,-0.0048000000000000004,10
420,-0.0332,-0.0024000000000000002,10
421,-0.03316,-0.0016,10
422,-0.03312,0.0,10
423,-0.03308,-0.0008,10
424,-0.03304,0.0,10
425,-0.033,0.0008,10
426,-0.03296,0.0016,10
427,-0.032920000000000005,-0.008,10
428,-0.032880000000000006,-0.008,10
429,-0.03284,-0.004,10
430,-0.0328,-0.0024000000000000002,10
431,-0.03276,-0.012,10
432,-0.03272,-0.009600000000000001,10
433,-0.03268,-0.012,10
434,-0.03264,-0.0064,10
435,-0.032600000000000004,-0.0176,10
436,-0.032560000000000006,-0.016800000000000002,10
437,-0.03252,-0.0112,10
438,-0.03248,-0.010400000000000001,10
439,-0.03244,-0.0064,10
440,-0.0324,-0.013600000000000001,10
441,-0.03236,-0.0112,10
442,-0.03232,-0.010400000000000001,10
443,-0.03228,-0.010400000000000001,10
444,-0.032240000000000005,-0.007200000000000001,10
445,-0.032200000000000006,-0.009600000000000001,10
446,-0.03216,-0.0048000000000000004,10
447,-0.03212,-0.004,10
448,-0.03208,-0.009600000000000001,10
449,-0.03204,-0.0088,10
450,-0.032,-0.0048000000000000004,10
451,-0.03196,-0.0024000000000000002,10
452,-0.031920000000000004,-0.004,10
453,-0.031880000000000006,-0.0128,10
454,-0.03184,-0.007200000000000001,10
455,-0.0318,-0.008,10
456,-0.03176,-0.012,10
457,-0.03172,-0.012,10
458,-0.03168,-0.0112,10
459,-0.03164,-0.014400000000000001,10
460,-0.0316,-0.016,10
461,-0.031560000000000005,-0.0088,10
462,-0.031520000000000006,-0.008,10
463,-0.03148,-0.007200000000000001,10
464,-0.03144,-0.019200000000000002,10
465,-0.0314,-0.028,10
466,-0.03136,-0.0344,10
467,-0.03132,-0.027200000000000002,10
468,-0.03128,-0.0256,10
469,-0.03124,-0.02,10
470,-0.031200000000000002,-0.016,10
471,-0.03116,-0.014400000000000001,10
472,-0.031120000000000002,-0.009600000000000001,10
473,-0.03108,-0.0112,10
474,-0.03104,-0.010400000000000001,10
475,-0.031,-0.020800000000000003,10
476,-0.03096,-0.0184,10
477,-0.03092,-0.0152,10
478,-0.03088,-0.010400000000000001,10
479,-0.030840000000000003,-0.009600000000000001,10
480,-0.0308,-0.019200000000000002,10
481,-0.030760000000000003,-0.0152,10
482,-0.03072,-0.0112,10
483,-0.030680000000000002,-0.0128,10
484,-0.03064,-0.027200000000000002,10
485,-0.030600000000000002,-0.027200000000000002,10
486,-0.03056,-0.023200000000000002,10
487,-0.030520000000000002,-0.0224,10
488,-0.03048,-0.020800000000000003,10
489,-0.030440000000000002,-0.02,10
490,-0.0304,-0.0152,10
491,-0.03036,-0.0128,10
492,-0.03032,-0.009600000000000001,10
493,-0.03028,-0.0088,10
494,-0.03024,-0.0064,10
495,-0.0302,-0.008,10
496,-0.030160000000000003,-0.0032,10
497,-0.03012,-0.004,10
498,-0.030080000000000003,-0.0112,10
499,-0.03004,-0.0152,10
500,-0.030000000000000002,-0.0128,10
501,-0.02996,-0.0112,10
502,-0.029920000000000002,-0.010400000000000001,10
503,-0.02988,-0.0064,10
504,-0.029840000000000002,-0.010400000000000001,10
505,-0.0298,-0.0088,10
506,-0.02976,-0.0064,10
507,-0.02972,-0.004,10
508,-0.02968,-0.007200000000000001,10
509,-0.02964,-0.010400000000000001,10
510,-0.0296,-0.016800000000000002,10
511,-0.02956,-0.0176,10
512,-0.02952,-0.0128,10
513,-0.029480000000000003,-0.012,10
514,-0.02944,-0.013600000000000001,10
515,-0.029400000000000003,-0.012,10
516,-0.02936,-0.0064,10
517,-0.029320000000000002,-0.009600000000000001,10
518,-0.02928,-0.0056,10
519,-0.029240000000000002,-0.012,10
520,-0.0292,-0.016,10
521,-0.029160000000000002,-0.012,10
522,-0.02912,-0.009600000000000001,10
523,-0.02908,-0.009600000000000001,10
524,-0.02904,-0.0056,10
525,-0.029,-0.0056,10
526,-0.02896,-0.0016,10
527,-0.02892,-0.0032,10
528,-0.02888,-0.0024000000000000002,10
529,-0.02884,-0.0016,10
530,-0.028800000000000003,-0.0032,10
531,-0.02876,-0.004,10
532,-0.028720000000000002,-0.012,10
533,-0.02868,-0.009600000000000001,10
534,-0.028640000000000002,-0.007200000000000001,10
535,-0.0286,-0.0064,10
536,-0.028560000000000002,-0.0032,10
537,-0.02852,-0.036000000000000004,10
538,-0.028480000000000002,-0.027200000000000002,10
539,-0.02844,-0.024800000000000003,10
540,-0.0284,-0.0224,10
541,-0.02836,-0.0176,10
542,-0.02832,-0.0176,10
543,-0.02828,-0.014400000000000001,10
544,-0.02824,-0.0088,10
545,-0.0282,-0.0128,10
546,-0.02816,-0.0128,10
547,-0.028120000000000003,-0.0088,10
548,-0.02808,-0.0112,10
549,-0.028040000000000002,-0.013600000000000001,10
550,-0.028,-0.0112,10
551,-0.027960000000000002,-0.012,10
552,-0.02792,-0.012,10
553,-0.027880000000000002,-0.012,10
554,-0.02784,-0.0088,10
555,-0.027800000000000002,-0.012,10
556,-0.02776,-0.0112,10
557,-0.02772,-0.019200000000000002,10
558,-0.02768,-0.013600000000000001,10
559,-0.02764,-0.013600000000000001,10
560,-0.0276,-0.010400000000000001,10
561,-0.02756,-0.0088,10
562,-0.02752,-0.0128,10
563,-0.02748,-0.013600000000000001,10
564,-0.027440000000000003,-0.016,10
565,-0.0274,-0.010400000000000001,10
566,-0.027360000000000002,-0.012,10
567,-0.02732,-0.012,10
568,-0.027280000000000002,-0.0128,10
569,-0.02724,-0.014400000000000001,10
570,-0.027200000000000002,-0.0128,10
571,-0.02716,-0.0128,10
572,-0.027120000000000002,-0.012,10
573,-0.02708,-0.019200000000000002,10
574,-0.02704,-0.016800000000000002,10
575,-0.027,-0.013600000000000001,10
576,-0.02696,-0.024800000000000003,10
577,-0.02692,-0.024800000000000003,10
578,-0.02688,-0.019200000000000002,10
579,-0.02684,-0.023200000000000002,10
580,-0.0268,-0.024800000000000003,10
581,-0.026760000000000003,-0.02,10
582,-0.02672,-0.019200000000000002,10
583,-0.026680000000000002,-0.0152,10
584,-0.02664,-0.0256,10
585,-0.026600000000000002,-0.032,10
586,-0.02656,-0.033600000000000005,10
587,-0.026520000000000002,-0.0304,10
588,-0.02648,-0.0224,10
589,-0.02644,-0.0184,10
590,-0.0264,-0.024800000000000003,10
591,-0.02636,-0.0224,10
592,-0.02632,-0.016800000000000002,10
593,-0.02628,-0.024800000000000003,10
594,-0.02624,-0.0224,10
595,-0.0262,-0.0184,10
596,-0.02616,-0.014400000000000001,10
597,-0.02612,-0.016,10
598,-0.026080000000000002,-0.02,10
599,-0.02604,-0.023200000000000002,10
600,-0.026000000000000002,-0.016800000000000002,10
601,-0.02596,-0.02,10
602,-0.025920000000000002,-0.019200000000000002,10
603,-0.02588,-0.038400000000000004,10
604,-0.025840000000000002,-0.0304,10
605,-0.0258,-0.028800000000000003,10
606,-0.02576,-0.0256,10
607,-0.02572,-0.024800000000000003,10
608,-0.02568,-0.027200000000000002,10
609,-0.02564,-0.028800000000000003,10
610,-0.0256,-0.028,10
611,-0.02556,-0.0256,10
612,-0.02552,-0.019200000000000002,10
613,-0.02548,-0.02,10
614,-0.02544,-0.0296,10
615,-0.025400000000000002,-0.0328,10
616,-0.02536,-0.0512,10
617,-0.025320000000000002,-0.0488,10
618,-0.02528,-0.04,10
619,-0.025240000000000002,-0.033600000000000005,10
620,-0.0252,-0.0432,10
621,-0.025160000000000002,-0.033600000000000005,10
622,-0.02512,-0.0344,10
623,-0.02508,-0.028,10
624,-0.02504,-0.028,10
625,-0.025,-0.024,10
626,-0.02496,-0.0224,10
627,-0.02492,-0.02,10
628,-0.02488,-0.0176,10
629,-0.02484,-0.0176,10
630,-0.0248,-0.0152,10
631,-0.02476,-0.0224,10
632,-0.024720000000000002,-0.02,10
633,-0.02468,-0.016800000000000002,10
634,-0.024640000000000002,-0.012,10
635,-0.0246,-0.009600000000000001,10
636,-0.024560000000000002,-0.008,10
637,-0.02452,-0.0152,10
638,-0.024480000000000002,-0.012,10
639,-0.02444,-0.009600000000000001,10
640,-0.0244,-0.013600000000000001,10
641,-0.02436,-0.0112,10
642,-0.02432,-0.0176,10
643,-0.02428,-0.0152,10
644,-0.02424,-0.020800000000000003,10
645,-0.0242,-0.0176,10
646,-0.02416,-0.0176,10
647,-0.02412,-0.013600000000000001,10
648,-0.02408,-0.009600000000000001,10
649,-0.024040000000000002,-0.0112,10
650,-0.024,-0.012,10
651,-0.023960000000000002,-0.007200000000000001,10
652,-0.02392,-0.007200000000000001,10
653,-0.023880000000000002,-0.0056,10
654,-0.02384,-0.0056,10
655,-0.0238,-0.007200000000000001,10
656,-0.02376,-0.008,10
657,-0.02372,-0.009600000000000001,10
658,-0.02368,-0.009600000000000001,10
659,-0.02364,-0.013600000000000001,10
660,-0.0236,-0.016,10
661,-0.02356,-0.0152,10
662,-0.02352,-0.012,10
663,-0.02348,-0.012,10
664,-0.02344,-0.028800000000000003,10
665,-0.0234,-0.0256,10
666,-0.023360000000000002,-0.023200000000000002,10
667,-0.02332,-0.0176,10
668,-0.023280000000000002,-0.019200000000000002,10
669,-0.02324,-0.0152,10
670,-0.023200000000000002,-0.014400000000000001,10
671,-0.02316,-0.012,10
672,-0.02312,-0.020800000000000003,10
673,-0.02308,-0.023200000000000002,10
674,-0.02304,-0.023200000000000002,10
675,-0.023,-0.016,10
676,-0.02296,-0.0256,10
677,-0.02292,-0.0264,10
678,-0.02288,-0.0256,10
679,-0.02284,-0.0184,10
680,-0.0228,-0.024800000000000003,10
681,-0.02276,-0.0264,10
682,-0.02272,-0.0424,10
683,-0.022680000000000002,-0.0456,10
684,-0.02264,-0.0376,10
685,-0.022600000000000002,-0.031200000000000002,10
686,-0.02256,-0.0328,10
687,-0.022520000000000002,-0.024800000000000003,10
688,-0.02248,-0.020800000000000003,10
689,-0.02244,-0.02,10
690,-0.0224,-0.02,10
691,-0.02236,-0.0264,10
692,-0.02232,-0.0176,10
693,-0.02228,-0.0176,10
694,-0.02224,-0.0176,10
695,-0.0222,-0.0128,10
696,-0.02216,-0.020800000000000003,10
697,-0.02212,-0.02,10
698,-0.02208,-0.016,10
699,-0.02204,-0.019200000000000002,10
700,-0.022000000000000002,-0.016800000000000002,10
701,-0.02196,-0.0184,10
702,-0.021920000000000002,-0.0088,10
703,-0.02188,-0.009600000000000001,10
704,-0.021840000000000002,-0.013600000000000001,10
705,-0.0218,-0.0128,10
706,-0.02176,-0.010400000000000001,10
707,-0.02172,-0.0088,10
708,-0.02168,-0.0128,10
709,-0.02164,-0.0296,10
710,-0.0216,-0.027200000000000002,10
711,-0.02156,-0.0304,10
712,-0.02152,-0.020800000000000003,10
713,-0.02148,-0.0296,10
714,-0.02144,-0.0224,10
715,-0.0214,-0.020800000000000003,10
716,-0.02136,-0.02,10
717,-0.021320000000000002,-0.0184,10
718,-0.02128,-0.014400000000000001,10
719,-0.021240000000000002,-0.0112,10
720,-0.0212,-0.0088,10
721,-0.02116,-0.016,10
722,-0.02112,-0.0128,10
723,-0.02108,-0.0184,10
724,-0.02104,-0.019200000000000002,10
725,-0.021,-0.016,10
726,-0.02096,-0.024800000000000003,10
727,-0.02092,-0.0176,10
728,-0.02088,-0.0176,10
729,-0.02084,-0.0152,10
730,-0.0208,-0.010400000000000001,10
731,-0.02076,-0.010400000000000001,10
732,-0.02072,-0.009600000000000001,10
733,-0.02068,-0.0088,10
734,-0.020640000000000002,-0.004,10
735,-0.0206,-0.0112,10
736,-0.020560000000000002,-0.0152,10
737,-0.02052,-0.0176,10
738,-0.02048,-0.019200000000000002,10
739,-0.02044,-0.031200000000000002,10
740,-0.0204,-0.023200000000000002,10
741,-0.02036,-0.02,10
742,-0.02032,-0.016,10
743,-0.02028,-0.0184,10
744,-0.02024,-0.016,10
745,-0.0202,-0.023200000000000002,10
746,-0.02016,-0.0184,10
747,-0.02012,-0.024,10
748,-0.02008,-0.024800000000000003,10
749,-0.02004,-0.041600000000000005,10
750,-0.02,-0.038400000000000004,10
751,-0.019960000000000002,-0.024800000000000003,10
752,-0.01992,-0.032,10
753,-0.019880000000000002,-0.032,10
754,-0.01984,-0.028800000000000003,10
755,-0.0198,-0.0352,10
756,-0.01976,-0.028800000000000003,10
757,-0.01972,-0.024800000000000003,10
758,-0.01968,-0.02,10
759,-0.01964,-0.019200000000000002,10
760,-0.0196,-0.013600000000000001,10
761,-0.01956,-0.012,10
762,-0.01952,-0.012,10
763,-0.01948,-0.007200000000000001,10
764,-0.01944,-0.0064,10
765,-0.0194,-0.004,10
766,-0.01936,-0.0016,10
767,-0.01932,-0.016,10
768,-0.01928,-0.0112,10
769,-0.01924,-0.009600000000000001,10
770,-0.019200000000000002,-0.009600000000000001,10
771,-0.01916,-0.0064,10
772,-0.01912,-0.0088,10
773,-0.01908,-0.0056,10
774,-0.01904,-0.0048000000000000004,10
775,-0.019,-0.0032,10
776,-0.01896,-0.008,10
777,-0.01892,-0.0056,10
778,-0.01888,-0.0048000000000000004,10
779,-0.01884,-0.0032,10
780,-0.0188,-0.004,10
781,-0.01876,-0.0008,10
782,-0.01872,-0.004,10
783,-0.018680000000000002,0.0,10
784,-0.018639999999999997,0.0008,10
785,-0.0186,-0.009600000000000001,10
786,-0.01856,-0.0064,10
787,-0.018520000000000002,-0.023200000000000002,10
788,-0.018480000000000003,-0.0296,10
789,-0.018439999999999998,-0.023200000000000002,10
790,-0.0184,-0.019200000000000002,10
791,-0.01836,-0.0176,10
792,-0.018320000000000003,-0.0152,10
793,-0.018279999999999998,-0.013600000000000001,10
794,-0.01824,-0.0152,10
795,-0.0182,-0.008,10
796,-0.018160000000000003,-0.0056,10
797,-0.018119999999999997,-0.0064,10
798,-0.01808,-0.0032,10
799,-0.01804,-0.0048000000000000004,10
800,-0.018000000000000002,-0.0008,10
801,-0.017959999999999997,-0.0016,10
802,-0.01792,-0.0016,10
803,-0.01788,0.0008,10
804,-0.01784,0.0008,10
805,-0.017800000000000003,-0.014400000000000001,10
806,-0.017759999999999998,-0.0112,10
807,-0.01772,-0.010400000000000001,10
808,-0.01768,-0.007200000000000001,10
809,-0.017640000000000003,-0.0024000000000000002,10
810,-0.017599999999999998,-0.0008,10
811,-0.01756,0.0016,10
812,-0.01752,-0.0008,10
813,-0.017480000000000002,-0.0016,10
814,-0.017439999999999997,0.0,10
815,-0.0174,0.0016,10
816,-0.01736,-0.008,10
817,-0.017320000000000002,-0.004,10
818,-0.017279999999999997,-0.0016,10
819,-0.01724,0.0,10
820,-0.0172,-0.0032,10
821,-0.01716,-0.0008,10
822,-0.017120000000000003,-0.0016,10
823,-0.017079999999999998,-0.0008,10
824,-0.01704,-0.0008,10
825,-0.017,0.0032,10
826,-0.016960000000000003,0.0016,10
827,-0.016919999999999998,-0.0016,10
828,-0.01688,-0.0064,10
829,-0.01684,-0.0024000000000000002,10
830,-0.016800000000000002,-0.0032,10
831,-0.016759999999999997,-0.013600000000000001,10
832,-0.01672,-0.007200000000000001,10
833,-0.01668,-0.0176,10
834,-0.016640000000000002,-0.016,10
835,-0.016599999999999997,-0.012,10
836,-0.01656,-0.007200000000000001,10
837,-0.01652,-0.0064,10
838,-0.01648,-0.0064,10
839,-0.016440000000000003,-0.004,10
840,-0.016399999999999998,-0.004,10
841,-0.01636,-0.007200000000000001,10
842,-0.01632,-0.0048000000000000004,10
843,-0.016280000000000003,-0.010400000000000001,10
844,-0.016239999999999997,-0.0088,10
845,-0.0162,-0.016800000000000002,10
846,-0.01616,-0.027200000000000002,10
847,-0.016120000000000002,-0.0224,10
848,-0.016079999999999997,-0.0216,10
849,-0.01604,-0.0448,10
850,-0.016,-0.052000000000000005,10
851,-0.015960000000000002,-0.044000000000000004,10
852,-0.015919999999999997,-0.046400000000000004,10
853,-0.01588,-0.036000000000000004,10
854,-0.01584,-0.0456,10
855,-0.0158,-0.0432,10
856,-0.015760000000000003,-0.033600000000000005,10
857,-0.015719999999999998,-0.024800000000000003,10
858,-0.01568,-0.0224,10
859,-0.01564,-0.016,10
860,-0.015600000000000003,-0.019200000000000002,10
861,-0.015559999999999997,-0.0176,10
862,-0.015519999999999999,-0.0088,10
863,-0.01548,-0.007200000000000001,10
864,-0.015440000000000002,-0.012,10
865,-0.015399999999999997,-0.0056,10
866,-0.015359999999999999,-0.012,10
867,-0.01532,-0.0112,10
868,-0.015280000000000002,-0.0088,10
869,-0.015239999999999997,-0.0064,10
870,-0.015199999999999998,-0.014400000000000001,10
871,-0.01516,-0.013600000000000001,10
872,-0.015120000000000001,-0.012,10
873,-0.015080000000000003,-0.009600000000000001,10
874,-0.015039999999999998,-0.007200000000000001,10
875,-0.015,-0.004,10
876,-0.014960000000000001,-0.031200000000000002,10
877,-0.014920000000000003,-0.024,10
878,-0.014879999999999997,-0.0216,10
879,-0.014839999999999999,-0.02,10
880,-0.0148,-0.016800000000000002,10
881,-0.014760000000000002,-0.031200000000000002,10
882,-0.014719999999999997,-0.027200000000000002,10
883,-0.014679999999999999,-0.020800000000000003,10
884,-0.01464,-0.0224,10
885,-0.014600000000000002,-0.016800000000000002,10
886,-0.014559999999999997,-0.014400000000000001,10
887,-0.014519999999999998,-0.012,10
888,-0.01448,-0.0088,10
889,-0.014440000000000001,-0.0048000000000000004,10
890,-0.014400000000000003,-0.0064,10
891,-0.014359999999999998,-0.0024000000000000002,10
892,-0.01432,-0.016,10
893,-0.014280000000000001,-0.0152,10
894,-0.014240000000000003,-0.014400000000000001,10
895,-0.014199999999999997,-0.009600000000000001,10
896,-0.014159999999999999,-0.028800000000000003,10
897,-0.01412,-0.02,10
898,-0.014080000000000002,-0.0216,10
899,-0.014039999999999997,-0.0224,10
900,-0.013999999999999999,-0.0344,10
901,-0.01396,-0.028800000000000003,10
902,-0.013920000000000002,-0.020800000000000003,10
903,-0.013879999999999997,-0.019200000000000002,10
904,-0.013839999999999998,-0.0296,10
905,-0.0138,-0.027200000000000002,10
906,-0.013760000000000001,-0.02,10
907,-0.013720000000000003,-0.02,10
908,-0.013679999999999998,-0.024800000000000003,10
909,-0.01364,-0.0216,10
910,-0.013600000000000001,-0.02,10
911,-0.013560000000000003,-0.016800000000000002,10
912,-0.013519999999999997,-0.0128,10
913,-0.013479999999999999,-0.0128,10
914,-0.01344,-0.009600000000000001,10
915,-0.013400000000000002,-0.009600000000000001,10
916,-0.013359999999999997,-0.0048000000000000004,10
917,-0.013319999999999999,-0.012,10
918,-0.01328,-0.014400000000000001,10
919,-0.013240000000000002,-0.013600000000000001,10
920,-0.013199999999999996,-0.0176,10
921,-0.013159999999999998,-0.009600000000000001,10
922,-0.01312,-0.0088,10
923,-0.013080000000000001,0.0008,10
924,-0.013040000000000003,-0.0152,10
925,-0.012999999999999998,-0.013600000000000001,10
926,-0.01296,-0.0112,10
927,-0.012920000000000001,-0.0064,10
928,-0.012880000000000003,-0.010400000000000001,10
929,-0.012839999999999997,-0.0048000000000000004,10
930,-0.012799999999999999,-0.0008,10
931,-0.01276,-0.0016,10
932,-0.012720000000000002,-0.0024000000000000002,10
933,-0.012679999999999997,0.0064,10
934,-0.012639999999999998,-0.0024000000000000002,10
935,-0.0126,0.0008,10
936,-0.012560000000000002,-0.0008,10
937,-0.012519999999999996,0.0,10
938,-0.012479999999999998,-0.0056,10
939,-0.01244,0.0008,10
940,-0.012400000000000001,-0.0024000000000000002,10
941,-0.012360000000000003,-0.0016,10
942,-0.012319999999999998,-0.008,10
943,-0.01228,-0.0064,10
944,-0.012240000000000001,-0.004,10
945,-0.012200000000000003,-0.0024000000000000002,10
946,-0.012159999999999997,-0.0256,10
947,-0.012119999999999999,-0.02,10
948,-0.01208,-0.016800000000000002,10
949,-0.012040000000000002,-0.016800000000000002,10
950,-0.011999999999999997,-0.009600000000000001,10
951,-0.011959999999999998,-0.012,10
952,-0.01192,-0.014400000000000001,10
953,-0.011880000000000002,-0.012,10
954,-0.011839999999999996,-0.019200000000000002,10
955,-0.011799999999999998,-0.0128,10
956,-0.01176,-0.012,10
957,-0.011720000000000001,-0.028800000000000003,10
958,-0.011680000000000003,-0.0224,10
959,-0.011639999999999998,-0.02,10
960,-0.0116,-0.0216,10
961,-0.01156,-0.024800000000000003,10
962,-0.011520000000000002,-0.0176,10
963,-0.011479999999999997,-0.019200000000000002,10
964,-0.011439999999999999,-0.016800000000000002,10
965,-0.0114,-0.0088,10
966,-0.011360000000000002,-0.024,10
967,-0.011319999999999997,-0.016,10
968,-0.011279999999999998,-0.016,10
969,-0.01124,-0.010400000000000001,10
970,-0.011200000000000002,-0.023200000000000002,10
971,-0.011159999999999996,-0.031200000000000002,10
972,-0.011119999999999998,-0.0216,10
973,-0.01108,-0.024,10
974,-0.011040000000000001,-0.0296,10
975,-0.011000000000000003,-0.0224,10
976,-0.010959999999999998,-0.0224,10
977,-0.01092,-0.0184,10
978,-0.01088,-0.041600000000000005,10
979,-0.010840000000000002,-0.032,10
980,-0.010799999999999997,-0.027200000000000002,10
981,-0.010759999999999999,-0.028,10
982,-0.01072,-0.0216,10
983,-0.010680000000000002,-0.0184,10
984,-0.010639999999999997,-0.016,10
985,-0.010599999999999998,-0.0176,10
986,-0.01056,-0.016800000000000002,10
987,-0.010520000000000002,-0.014400000000000001,10
988,-0.010479999999999996,-0.012,10
989,-0.010439999999999998,-0.0184,10
990,-0.0104,-0.0112,10
991,-0.010360000000000001,-0.014400000000000001,10
992,-0.010320000000000003,-0.007200000000000001,10
993,-0.010279999999999997,-0.028800000000000003,10
994,-0.010239999999999999,-0.020800000000000003,10
995,-0.0102,-0.023200000000000002,10
996,-0.010160000000000002,-0.0224,10
997,-0.010119999999999997,-0.020800000000000003,10
998,-0.010079999999999999,-0.016,10
999,-0.01004,-0.02,10
1000,-0.010000000000000002,-0.032,10
1001,-0.009959999999999997,-0.0264,10
1002,-0.009919999999999998,-0.0216,10
1003,-0.00988,-0.0224,10
1004,-0.009840000000000002,-0.016800000000000002,10
1005,-0.009799999999999996,-0.0176,10
1006,-0.009759999999999998,-0.014400000000000001,10
1007,-0.00972,-0.013600000000000001,10
1008,-0.009680000000000001,-0.013600000000000001,10
1009,-0.009640000000000003,-0.0128,10
1010,-0.009599999999999997,-0.02,10
1011,-0.009559999999999999,-0.0176,10
1012,-0.00952,-0.013600000000000001,10
1013,-0.009480000000000002,-0.0152,10
1014,-0.009439999999999997,-0.016800000000000002,10
1015,-0.009399999999999999,-0.0112,10
1016,-0.00936,-0.012,10
1017,-0.009320000000000002,-0.013600000000000001,10
1018,-0.009279999999999997,-0.007200000000000001,10
1019,-0.009239999999999998,-0.008,10
1020,-0.0092,-0.010400000000000001,10
1021,-0.009160000000000001,-0.0088,10
1022,-0.009119999999999996,-0.007200000000000001,10
1023,-0.009079999999999998,-0.008,10
1024,-0.00904,-0.010400000000000001,10
1025,-0.009000000000000001,-0.0088,10
1026,-0.008960000000000003,-0.009600000000000001,10
1027,-0.008919999999999997,-0.0048000000000000004,10
1028,-0.008879999999999999,-0.0064,10
1029,-0.00884,-0.009600000000000001,10
1030,-0.008800000000000002,-0.008,10
1031,-0.008759999999999997,-0.016,10
1032,-0.008719999999999999,-0.013600000000000001,10
1033,-0.00868,-0.010400000000000001,10
1034,-0.008640000000000002,-0.016800000000000002,10
1035,-0.008599999999999997,-0.012,10
1036,-0.008559999999999998,-0.009600000000000001,10
1037,-0.00852,-0.009600000000000001,10
1038,-0.008480000000000001,-0.010400000000000001,10
1039,-0.008439999999999996,-0.008,10
1040,-0.008399999999999998,-0.008,10
1041,-0.00836,-0.0176,10
1042,-0.008320000000000001,-0.016,10
1043,-0.008280000000000003,-0.013600000000000001,10
1044,-0.008239999999999997,-0.0112,10
1045,-0.008199999999999999,-0.023200000000000002,10
1046,-0.00816,-0.0152,10
1047,-0.008120000000000002,-0.0184,10
1048,-0.008079999999999997,-0.016,10
1049,-0.008039999999999999,-0.0152,10
1050,-0.008,-0.016,10
1051,-0.007960000000000002,-0.0176,10
1052,-0.007919999999999996,-0.0152,10
1053,-0.007879999999999998,-0.0176,10
1054,-0.00784,-0.0176,10
1055,-0.007800000000000001,-0.0176,10
1056,-0.007759999999999996,-0.019200000000000002,10
1057,-0.007719999999999998,-0.016800000000000002,10
1058,-0.007679999999999999,-0.019200000000000002,10
1059,-0.007640000000000001,-0.0176,10
1060,-0.007600000000000003,-0.0176,10
1061,-0.007559999999999997,-0.0176,10
1062,-0.007519999999999999,-0.0256,10
1063,-0.0074800000000000005,-0.016800000000000002,10
1064,-0.007440000000000002,-0.016800000000000002,10
1065,-0.007399999999999997,-0.0184,10
1066,-0.0073599999999999985,-0.0088,10
1067,-0.00732,-0.016,10
1068,-0.007280000000000002,-0.013600000000000001,10
1069,-0.0072399999999999964,-0.009600000000000001,10
1070,-0.007199999999999998,-0.0088,10
1071,-0.00716,-0.009600000000000001,10
1072,-0.007120000000000001,-0.007200000000000001,10
1073,-0.007079999999999996,-0.010400000000000001,10
1074,-0.007039999999999998,-0.012,10
1075,-0.006999999999999999,-0.012,10
1076,-0.006960000000000001,-0.009600000000000001,10
1077,-0.0069200000000000025,-0.0088,10
1078,-0.006879999999999997,-0.0032,10
1079,-0.006839999999999999,-0.0048000000000000004,10
1080,-0.0068000000000000005,-0.019200000000000002,10
1081,-0.006760000000000002,-0.0224,10
1082,-0.006719999999999997,-0.0328,10
1083,-0.0066799999999999984,-0.028,10
1084,-0.00664,-0.0256,10
1085,-0.006600000000000002,-0.024,10
1086,-0.006559999999999996,-0.0256,10
1087,-0.006519999999999998,-0.024800000000000003,10
1088,-0.00648,-0.0296,10
1089,-0.006440000000000001,-0.024800000000000003,10
1090,-0.006399999999999996,-0.0224,10
1091,-0.006359999999999998,-0.02,10
1092,-0.006319999999999999,-0.016800000000000002,10
1093,-0.006280000000000001,-0.024800000000000003,10
1094,-0.0062400000000000025,-0.0344,10
1095,-0.006199999999999997,-0.024800000000000003,10
1096,-0.006159999999999999,-0.024,10
1097,-0.0061200000000000004,-0.019200000000000002,10
1098,-0.006080000000000002,-0.023200000000000002,10
1099,-0.006039999999999997,-0.023200000000000002,10
1100,-0.005999999999999998,-0.019200000000000002,10
1101,-0.00596,-0.0216,10
1102,-0.005920000000000002,-0.023200000000000002,10
1103,-0.005879999999999996,-0.0256,10
1104,-0.005839999999999998,-0.0456,10
1105,-0.0058,-0.041600000000000005,10
1106,-0.005760000000000001,-0.0456,10
1107,-0.005719999999999996,-0.036000000000000004,10
1108,-0.0056799999999999976,-0.0344,10
1109,-0.005639999999999999,-0.0368,10
1110,-0.005600000000000001,-0.0352,10
1111,-0.0055600000000000024,-0.0328,10
1112,-0.005519999999999997,-0.0256,10
1113,-0.005479999999999999,-0.0224,10
1114,-0.00544,-0.0256,10
1115,-0.005400000000000002,-0.0176,10
1116,-0.005359999999999997,-0.019200000000000002,10
1117,-0.005319999999999998,-0.014400000000000001,10
1118,-0.00528,-0.014400000000000001,10
1119,-0.005240000000000002,-0.012,10
1120,-0.005199999999999996,-0.014400000000000001,10
1121,-0.005159999999999998,-0.007200000000000001,10
1122,-0.0051199999999999996,-0.008,10
1123,-0.005080000000000001,-0.009600000000000001,10
1124,-0.005039999999999996,-0.024,10
1125,-0.0049999999999999975,-0.0256,10
1126,-0.004959999999999999,-0.0224,10
1127,-0.004920000000000001,-0.0216,10
1128,-0.004880000000000002,-0.0224,10
1129,-0.004839999999999997,-0.023200000000000002,10
1130,-0.004799999999999999,-0.023200000000000002,10
1131,-0.00476,-0.024,10
1132,-0.004720000000000002,-0.024,10
1133,-0.004679999999999997,-0.036000000000000004,10
1134,-0.004639999999999998,-0.0328,10
1135,-0.0046,-0.0256,10
1136,-0.0045600000000000016,-0.020800000000000003,10
1137,-0.004519999999999996,-0.0216,10
1138,-0.004479999999999998,-0.027200000000000002,10
1139,-0.0044399999999999995,-0.02,10
1140,-0.004400000000000001,-0.0296,10
1141,-0.004359999999999996,-0.02,10
1142,-0.0043199999999999975,-0.0296,10
1143,-0.004279999999999999,-0.0256,10
1144,-0.004240000000000001,-0.020800000000000003,10
1145,-0.004200000000000002,-0.016800000000000002,10
1146,-0.004159999999999997,-0.016800000000000002,10
1147,-0.004119999999999999,-0.0216,10
1148,-0.00408,-0.0176,10
1149,-0.004040000000000002,-0.02,10
1150,-0.003999999999999997,-0.0176,10
1151,-0.003959999999999998,-0.014400000000000001,10
1152,-0.00392,-0.0112,10
1153,-0.0038800000000000015,-0.0112,10
1154,-0.003839999999999996,-0.0112,10
1155,-0.003799999999999998,-0.012,10
1156,-0.0037599999999999995,-0.007200000000000001,10
1157,-0.003720000000000001,-0.0256,10
1158,-0.0036799999999999958,-0.023200000000000002,10
1159,-0.0036399999999999974,-0.019200000000000002,10
1160,-0.003599999999999999,-0.0224,10
1161,-0.0035600000000000007,-0.019200000000000002,10
1162,-0.0035200000000000023,-0.0152,10
1163,-0.003479999999999997,-0.0128,10
1164,-0.0034399999999999986,-0.010400000000000001,10
1165,-0.0034000000000000002,-0.024800000000000003,10
1166,-0.003360000000000002,-0.027200000000000002,10
1167,-0.0033199999999999966,-0.016800000000000002,10
1168,-0.003279999999999998,-0.027200000000000002,10
1169,-0.00324,-0.0264,10
1170,-0.0032000000000000015,-0.024800000000000003,10
1171,-0.003159999999999996,-0.0256,10
1172,-0.0031199999999999978,-0.024800000000000003,10
1173,-0.0030799999999999994,-0.0224,10
1174,-0.003040000000000001,-0.02,10
1175,-0.0029999999999999957,-0.023200000000000002,10
1176,-0.0029599999999999974,-0.016800000000000002,10
1177,-0.002919999999999999,-0.014400000000000001,10
1178,-0.0028800000000000006,-0.02,10
1179,-0.0028400000000000022,-0.020800000000000003,10
1180,-0.002799999999999997,-0.0184,10
1181,-0.0027599999999999986,-0.0152,10
1182,-0.00272,-0.019200000000000002,10
1183,-0.002680000000000002,-0.0176,10
1184,-0.0026399999999999965,-0.02,10
1185,-0.002599999999999998,-0.016,10
1186,-0.0025599999999999998,-0.010400000000000001,10
1187,-0.0025200000000000014,-0.0176,10
1188,-0.002479999999999996,-0.010400000000000001,10
1189,-0.0024399999999999977,-0.0128,10
1190,-0.0023999999999999994,-0.0152,10
1191,-0.002360000000000001,-0.019200000000000002,10
1192,-0.0023199999999999957,-0.024800000000000003,10
1193,-0.0022799999999999973,-0.038400000000000004,10
1194,-0.002239999999999999,-0.0352,10
1195,-0.0022000000000000006,-0.036000000000000004,10
1196,-0.002160000000000002,-0.032,10
1197,-0.002119999999999997,-0.024800000000000003,10
1198,-0.0020799999999999985,-0.0256,10
1199,-0.00204,-0.0392,10
1200,-0.0020000000000000018,-0.0328,10
1201,-0.0019599999999999965,-0.0344,10
1202,-0.001919999999999998,-0.031200000000000002,10
1203,-0.0018799999999999997,-0.0256,10
1204,-0.0018400000000000014,-0.048,10
1205,-0.001799999999999996,-0.0368,10
1206,-0.0017599999999999977,-0.031200000000000002,10
1207,-0.0017199999999999993,-0.031200000000000002,10
1208,-0.001680000000000001,-0.0216,10
1209,-0.0016399999999999956,-0.019200000000000002,10
1210,-0.0015999999999999973,-0.016800000000000002,10
1211,-0.0015599999999999989,-0.0128,10
1212,-0.0015200000000000005,-0.010400000000000001,10
1213,-0.0014800000000000021,-0.009600000000000001,10
1214,-0.0014399999999999968,-0.020800000000000003,10
1215,-0.0013999999999999985,-0.014400000000000001,10
1216,-0.00136,-0.0184,10
1217,-0.0013200000000000017,-0.0152,10
1218,-0.0012799999999999964,-0.0184,10
1219,-0.001239999999999998,-0.014400000000000001,10
1220,-0.0011999999999999997,-0.0184,10
1221,-0.0011600000000000013,-0.024800000000000003,10
1222,-0.001119999999999996,-0.04,10
1223,-0.0010799999999999976,-0.0368,10
1224,-0.0010399999999999993,-0.0368,10
1225,-0.0010000000000000009,-0.0328,10
1226,-0.0009599999999999956,-0.0256,10
1227,-0.0009199999999999972,-0.024,10
1228,-0.0008799999999999988,-0.02,10
1229,-0.0008400000000000005,-0.014400000000000001,10
1230,-0.0008000000000000021,-0.024800000000000003,10
1231,-0.0007599999999999968,-0.02,10
1232,-0.0007199999999999984,-0.016,10
1233,-0.00068,-0.014400000000000001,10
1234,-0.0006400000000000017,-0.0152,10
1235,-0.0005999999999999964,-0.010400000000000001,10
1236,-0.000559999999999998,-0.014400000000000001,10
1237,-0.0005199999999999996,-0.009600000000000001,10
1238,-0.00048000000000000126,-0.009600000000000001,10
1239,-0.00043999999999999595,-0.0088,10
1240,-0.0003999999999999976,-0.0048000000000000004,10
1241,-0.0003599999999999992,-0.012,10
1242,-0.00032000000000000084,-0.0112,10
1243,-0.00027999999999999553,-0.0056,10
1244,-0.00023999999999999716,-0.0064,10
1245,-0.0001999999999999988,-0.0064,10
1246,-0.00016000000000000042,-0.010400000000000001,10
1247,-0.00012000000000000205,-0.0056,10
1248,-7.999999999999674e-05,-0.0056,10
1249,-3.999999999999837e-05,-0.0024000000000000002,10
1250,0.0,-0.0664,10
1251,3.999999999999837e-05,-0.0528,10
1252,8.000000000000368e-05,-0.0456,10
1253,0.00012000000000000205,-0.0368,10
1254,0.00016000000000000042,-0.031200000000000002,10
1255,0.0001999999999999988,-0.023200000000000002,10
1256,0.0002400000000000041,-0.0256,10
1257,0.00028000000000000247,-0.0224,10
1258,0.00032000000000000084,-0.02,10
1259,0.0003599999999999992,-0.02,10
1260,0.0004000000000000045,-0.0128,10
1261,0.0004400000000000029,-0.008,10
1262,0.00048000000000000126,-0.010400000000000001,10
1263,0.0005199999999999996,-0.008,10
1264,0.000559999999999998,-0.0024000000000000002,10
1265,0.0006000000000000033,-0.0032,10
1266,0.0006400000000000017,-0.0088,10
1267,0.00068,-0.0128,10
1268,0.0007199999999999984,-0.0264,10
1269,0.0007600000000000037,-0.024800000000000003,10
1270,0.0008000000000000021,-0.0224,10
1271,0.0008400000000000005,-0.027200000000000002,10
1272,0.0008799999999999988,-0.02,10
1273,0.0009200000000000041,-0.016800000000000002,10
1274,0.0009600000000000025,-0.014400000000000001,10
1275,0.0010000000000000009,-0.010400000000000001,10
1276,0.0010399999999999993,-0.007200000000000001,10
1277,0.0010800000000000046,-0.0088,10
1278,0.001120000000000003,-0.014400000000000001,10
1279,0.0011600000000000013,-0.0392,10
1280,0.0011999999999999997,-0.027200000000000002,10
1281,0.001239999999999998,-0.0368,10
1282,0.0012800000000000034,-0.0392,10
1283,0.0013200000000000017,-0.031200000000000002,10
1284,0.00136,-0.024,10
1285,0.0013999999999999985,-0.02,10
1286,0.0014400000000000038,-0.014400000000000001,10
1287,0.0014800000000000021,-0.013600000000000001,10
1288,0.0015200000000000005,-0.012,10
1289,0.0015599999999999989,-0.0112,10
1290,0.0016000000000000042,-0.007200000000000001,10
1291,0.0016400000000000026,-0.0064,10
1292,0.001680000000000001,-0.007200000000000001,10
1293,0.0017199999999999993,-0.016800000000000002,10
1294,0.0017600000000000046,-0.012,10
1295,0.001800000000000003,-0.008,10
1296,0.0018400000000000014,-0.0024000000000000002,10
1297,0.0018799999999999997,-0.0064,10
1298,0.001919999999999998,-0.0024000000000000002,10
1299,0.0019600000000000034,-0.004,10
1300,0.0020000000000000018,-0.004,10
1301,0.00204,0.0016,10
1302,0.0020799999999999985,-0.004,10
1303,0.002120000000000004,-0.0064,10
1304,0.002160000000000002,-0.0032,10
1305,0.0022000000000000006,-0.0008,10
1306,0.002239999999999999,-0.004,10
1307,0.0022800000000000042,-0.014400000000000001,10
1308,0.0023200000000000026,-0.020800000000000003,10
1309,0.002360000000000001,-0.0112,10
1310,0.0023999999999999994,-0.012,10
1311,0.0024400000000000047,-0.0112,10
1312,0.002480000000000003,-0.009600000000000001,10
1313,0.0025200000000000014,-0.009600000000000001,10
1314,0.0025599999999999998,-0.007200000000000001,10
1315,0.002599999999999998,-0.0064,10
1316,0.0026400000000000035,-0.0064,10
1317,0.002680000000000002,-0.016,10
1318,0.00272,-0.0112,10
1319,0.0027599999999999986,-0.0112,10
1320,0.002800000000000004,-0.010400000000000001,10
1321,0.0028400000000000022,-0.007200000000000001,10
1322,0.0028800000000000006,-0.0088,10
1323,0.002919999999999999,-0.04,10
1324,0.0029600000000000043,-0.0344,10
1325,0.0030000000000000027,-0.0472,10
1326,0.003040000000000001,-0.04,10
1327,0.0030799999999999994,-0.0376,10
1328,0.0031200000000000047,-0.031200000000000002,10
1329,0.003160000000000003,-0.036000000000000004,10
1330,0.0032000000000000015,-0.028,10
1331,0.00324,-0.027200000000000002,10
1332,0.003279999999999998,-0.0216,10
1333,0.0033200000000000035,-0.016800000000000002,10
1334,0.003360000000000002,-0.013600000000000001,10
1335,0.0034000000000000002,-0.009600000000000001,10
1336,0.0034399999999999986,-0.0112,10
1337,0.003480000000000004,-0.0112,10
1338,0.0035200000000000023,-0.009600000000000001,10
1339,0.0035600000000000007,-0.0128,10
1340,0.003599999999999999,-0.0088,10
1341,0.0036400000000000043,-0.008,10
1342,0.0036800000000000027,-0.0064,10
1343,0.003720000000000001,-0.004,10
1344,0.0037599999999999995,-0.0048000000000000004,10
1345,0.0038000000000000048,-0.0032,10
1346,0.003840000000000003,-0.0048000000000000004,10
1347,0.0038800000000000015,-0.0016,10
1348,0.00392,-0.004,10
1349,0.003959999999999998,-0.0008,10
1350,0.0040000000000000036,0.0008,10
1351,0.004040000000000002,-0.0032,10
1352,0.00408,-0.0024000000000000002,10
1353,0.004119999999999999,-0.0016,10
1354,0.004160000000000004,-0.016,10
1355,0.004200000000000002,-0.0184,10
1356,0.004240000000000001,-0.013600000000000001,10
1357,0.004279999999999999,-0.0176,10
1358,0.004320000000000004,-0.02,10
1359,0.004360000000000003,-0.016,10
1360,0.004400000000000001,-0.0176,10
1361,0.0044399999999999995,-0.0176,10
1362,0.004480000000000005,-0.0176,10
1363,0.004520000000000003,-0.012,10
1364,0.0045600000000000016,-0.010400000000000001,10
1365,0.0046,-0.028800000000000003,10
1366,0.004639999999999998,-0.016,10
1367,0.004680000000000004,-0.0152,10
1368,0.004720000000000002,-0.0152,10
1369,0.00476,-0.014400000000000001,10
1370,0.004799999999999999,-0.0112,10
1371,0.004840000000000004,-0.012,10
1372,0.004880000000000002,-0.008,10
1373,0.004920000000000001,-0.0048000000000000004,10
1374,0.004959999999999999,-0.0056,10
1375,0.0050000000000000044,-0.0016,10
1376,0.005040000000000003,-0.0016,10
1377,0.005080000000000001,-0.0056,10
1378,0.0051199999999999996,-0.0048000000000000004,10
1379,0.005160000000000005,-0.024800000000000003,10
1380,0.005200000000000003,-0.02,10
1381,0.005240000000000002,-0.023200000000000002,10
1382,0.00528,-0.0152,10
1383,0.005319999999999998,-0.010400000000000001,10
1384,0.005360000000000004,-0.007200000000000001,10
1385,0.005400000000000002,-0.004,10
1386,0.00544,-0.008,10
1387,0.005479999999999999,-0.008,10
1388,0.005520000000000004,-0.004,10
1389,0.0055600000000000024,-0.0064,10
1390,0.005600000000000001,-0.0024000000000000002,10
1391,0.005639999999999999,-0.0064,10
1392,0.0056800000000000045,-0.0064,10
1393,0.005720000000000003,-0.0112,10
1394,0.005760000000000001,-0.010400000000000001,10
1395,0.0058,-0.0152,10
1396,0.005840000000000005,-0.010400000000000001,10
1397,0.005880000000000003,-0.008,10
1398,0.005920000000000002,-0.008,10
1399,0.00596,-0.0056,10
1400,0.005999999999999998,-0.009600000000000001,10
1401,0.006040000000000004,-0.0064,10
1402,0.006080000000000002,-0.004,10
1403,0.0061200000000000004,-0.016,10
1404,0.006159999999999999,-0.010400000000000001,10
1405,0.006200000000000004,-0.012,10
1406,0.0062400000000000025,-0.0088,10
1407,0.006280000000000001,-0.007200000000000001,10
1408,0.006319999999999999,-0.0064,10
1409,0.0063600000000000045,-0.0048000000000000004,10
1410,0.006400000000000003,-0.0112,10
1411,0.006440000000000001,-0.008,10
1412,0.00648,-0.0064,10
1413,0.006520000000000005,-0.0032,10
1414,0.006560000000000003,-0.0064,10
1415,0.006600000000000002,-0.0024000000000000002,10
1416,0.00664,-0.0032,10
1417,0.0066799999999999984,-0.0016,10
1418,0.006720000000000004,-0.004,10
1419,0.006760000000000002,0.0008,10
1420,0.0068000000000000005,-0.0008,10
1421,0.006839999999999999,0.0016,10
1422,0.006880000000000004,0.0024000000000000002,10
1423,0.0069200000000000025,0.0032,10
1424,0.006960000000000001,0.0032,10
1425,0.006999999999999999,0.0032,10
1426,0.007040000000000005,-0.0024000000000000002,10
1427,0.007080000000000003,0.0024000000000000002,10
1428,0.007120000000000001,0.0024000000000000002,10
1429,0.00716,0.0016,10
1430,0.007200000000000005,0.0016,10
1431,0.007240000000000003,0.0048000000000000004,10
1432,0.007280000000000002,0.0024000000000000002,10
1433,0.00732,0.004,10
1434,0.0073599999999999985,-0.0016,10
1435,0.007400000000000004,-0.004,10
1436,0.007440000000000002,0.0008,10
1437,0.0074800000000000005,0.0008,10
1438,0.007519999999999999,0.0,10
1439,0.007560000000000004,0.0,10
1440,0.007600000000000003,-0.0024000000000000002,10
1441,0.007640000000000001,-0.010400000000000001,10
1442,0.007679999999999999,-0.009600000000000001,10
1443,0.007720000000000005,-0.009600000000000001,10
1444,0.007760000000000003,-0.0056,10
1445,0.007800000000000001,-0.0048000000000000004,10
1446,0.00784,-0.0048000000000000004,10
1447,0.007880000000000005,-0.0016,10
1448,0.007920000000000003,-0.012,10
1449,0.007960000000000002,-0.02,10
1450,0.008,-0.02,10
1451,0.008039999999999999,-0.0224,10
1452,0.008080000000000004,-0.0176,10
1453,0.008120000000000002,-0.016800000000000002,10
1454,0.00816,-0.012,10
1455,0.008199999999999999,-0.010400000000000001,10
1456,0.008240000000000004,-0.009600000000000001,10
1457,0.008280000000000003,-0.0056,10
1458,0.008320000000000001,-0.004,10
1459,0.00836,-0.0056,10
1460,0.008400000000000005,-0.0016,10
1461,0.008440000000000003,-0.007200000000000001,10
1462,0.008480000000000001,-0.0064,10
1463,0.00852,-0.008,10
1464,0.008560000000000005,-0.010400000000000001,10
1465,0.008600000000000003,-0.0128,10
1466,0.008640000000000002,-0.007200000000000001,10
1467,0.00868,-0.1008,10
1468,0.008719999999999999,-0.084,10
1469,0.008760000000000004,-0.0688,10
1470,0.008800000000000002,-0.060000000000000005,10
1471,0.00884,-0.057600000000000005,10
1472,0.008879999999999999,-0.0448,10
1473,0.008920000000000004,-0.0392,10
1474,0.008960000000000003,-0.0304,10
1475,0.009000000000000001,-0.028800000000000003,10
1476,0.00904,-0.020800000000000003,10
1477,0.009080000000000005,-0.0184,10
1478,0.009120000000000003,-0.0448,10
1479,0.009160000000000001,-0.036000000000000004,10
1480,0.0092,-0.033600000000000005,10
1481,0.009240000000000005,-0.032,10
1482,0.009280000000000004,-0.0456,10
1483,0.009320000000000002,-0.048,10
1484,0.00936,-0.0368,10
1485,0.009399999999999999,-0.032,10
1486,0.009440000000000004,-0.023200000000000002,10
1487,0.009480000000000002,-0.0368,10
1488,0.00952,-0.0328,10
1489,0.009559999999999999,-0.032,10
1490,0.009600000000000004,-0.0296,10
1491,0.009640000000000003,-0.028,10
1492,0.009680000000000001,-0.0368,10
1493,0.00972,-0.0304,10
1494,0.009760000000000005,-0.0256,10
1495,0.009800000000000003,-0.0176,10
1496,0.009840000000000002,-0.016800000000000002,10
1497,0.00988,-0.014400000000000001,10
1498,0.009920000000000005,-0.012,10
1499,0.009960000000000004,-0.0112,10
1500,0.010000000000000002,-0.0112,10
1501,0.01004,-0.014400000000000001,10
1502,0.010079999999999999,-0.020800000000000003,10
1503,0.010120000000000004,-0.019200000000000002,10
1504,0.010160000000000002,-0.019200000000000002,10
1505,0.0102,-0.031200000000000002,10
1506,0.010239999999999999,-0.023200000000000002,10
1507,0.010280000000000004,-0.02,10
1508,0.010320000000000003,-0.0176,10
1509,0.010360000000000001,-0.024,10
1510,0.0104,-0.0296,10
1511,0.010440000000000005,-0.0296,10
1512,0.010480000000000003,-0.0296,10
1513,0.010520000000000002,-0.0256,10
1514,0.01056,-0.024800000000000003,10
1515,0.010600000000000005,-0.019200000000000002,10
1516,0.010640000000000004,-0.016,10
1517,0.010680000000000002,-0.0152,10
1518,0.01072,-0.0128,10
1519,0.010759999999999999,-0.0128,10
1520,0.010800000000000004,-0.0184,10
1521,0.010840000000000002,-0.016,10
1522,0.01088,-0.012,10
1523,0.01092,-0.020800000000000003,10
1524,0.010960000000000004,-0.016,10
1525,0.011000000000000003,-0.019200000000000002,10
1526,0.011040000000000001,-0.019200000000000002,10
1527,0.01108,-0.0128,10
1528,0.011120000000000005,-0.013600000000000001,10
1529,0.011160000000000003,-0.024,10
1530,0.011200000000000002,-0.016,10
1531,0.01124,-0.0176,10
1532,0.011280000000000005,-0.0176,10
1533,0.011320000000000004,-0.031200000000000002,10
1534,0.011360000000000002,-0.0424,10
1535,0.0114,-0.0392,10
1536,0.011440000000000006,-0.0352,10
1537,0.011480000000000004,-0.0392,10
1538,0.011520000000000002,-0.0424,10
1539,0.01156,-0.038400000000000004,10
1540,0.0116,-0.028800000000000003,10
1541,0.011640000000000005,-0.0256,10
1542,0.011680000000000003,-0.0216,10
1543,0.011720000000000001,-0.016800000000000002,10
1544,0.01176,-0.014400000000000001,10
1545,0.011800000000000005,-0.0128,10
1546,0.011840000000000003,-0.0224,10
1547,0.011880000000000002,-0.0176,10
1548,0.01192,-0.023200000000000002,10
1549,0.011960000000000005,-0.016800000000000002,10
1550,0.012000000000000004,-0.0128,10
1551,0.012040000000000002,-0.0112,10
1552,0.01208,-0.0264,10
1553,0.012120000000000006,-0.0264,10
1554,0.012160000000000004,-0.032,10
1555,0.012200000000000003,-0.0304,10
1556,0.012240000000000001,-0.041600000000000005,10
1557,0.01228,-0.0352,10
1558,0.012320000000000005,-0.056,10
1559,0.012360000000000003,-0.0424,10
1560,0.012400000000000001,-0.0376,10
1561,0.01244,-0.033600000000000005,10
1562,0.012480000000000005,-0.0304,10
1563,0.012520000000000003,-0.027200000000000002,10
1564,0.012560000000000002,-0.0328,10
1565,0.0126,-0.028,10
1566,0.012639999999999998,-0.032,10
1567,0.012679999999999997,-0.024800000000000003,10
1568,0.012720000000000009,-0.038400000000000004,10
1569,0.012760000000000007,-0.0304,10
1570,0.012800000000000006,-0.0304,10
1571,0.012840000000000004,-0.0408,10
1572,0.012880000000000003,-0.033600000000000005,10
1573,0.012920000000000001,-0.0264,10
1574,0.01296,-0.0264,10
1575,0.012999999999999998,-0.02,10
1576,0.013039999999999996,-0.0216,10
1577,0.013080000000000008,-0.019200000000000002,10
1578,0.013120000000000007,-0.016,10
1579,0.013160000000000005,-0.013600000000000001,10
1580,0.013200000000000003,-0.0128,10
1581,0.013240000000000002,-0.016,10
1582,0.01328,-0.0216,10
1583,0.013319999999999999,-0.0328,10
1584,0.013359999999999997,-0.0264,10
1585,0.013400000000000009,-0.0224,10
1586,0.013440000000000007,-0.0224,10
1587,0.013480000000000006,-0.0176,10
1588,0.013520000000000004,-0.013600000000000001,10
1589,0.013560000000000003,-0.0128,10
1590,0.013600000000000001,-0.009600000000000001,10
1591,0.01364,-0.0184,10
1592,0.013679999999999998,-0.0152,10
1593,0.013719999999999996,-0.009600000000000001,10
1594,0.013760000000000008,-0.014400000000000001,10
1595,0.013800000000000007,-0.0112,10
1596,0.013840000000000005,-0.008,10
1597,0.013880000000000003,-0.010400000000000001,10
1598,0.013920000000000002,-0.007200000000000001,10
1599,0.01396,-0.0064,10
1600,0.013999999999999999,-0.0056,10
1601,0.014039999999999997,-0.0056,10
1602,0.01408000000000001,-0.007200000000000001,10
1603,0.014120000000000008,-0.008,10
1604,0.014160000000000006,-0.0112,10
1605,0.014200000000000004,-0.009600000000000001,10
1606,0.014240000000000003,-0.010400000000000001,10
1607,0.014280000000000001,-0.012,10
1608,0.01432,-0.014400000000000001,10
1609,0.014359999999999998,-0.0088,10
1610,0.014399999999999996,-0.0088,10
1611,0.014440000000000008,-0.0216,10
1612,0.014480000000000007,-0.0184,10
1613,0.014520000000000005,-0.0376,10
1614,0.014560000000000003,-0.0504,10
1615,0.014600000000000002,-0.044000000000000004,10
1616,0.01464,-0.0472,10
1617,0.014679999999999999,-0.0392,10
1618,0.014719999999999997,-0.0328,10
1619,0.01476000000000001,-0.036000000000000004,10
1620,0.014800000000000008,-0.031200000000000002,10
1621,0.014840000000000006,-0.033600000000000005,10
1622,0.014880000000000004,-0.028,10
1623,0.014920000000000003,-0.0216,10
1624,0.014960000000000001,-0.024800000000000003,10
1625,0.015,-0.033600000000000005,10
1626,0.015039999999999998,-0.028800000000000003,10
1627,0.015079999999999996,-0.0224,10
1628,0.015120000000000008,-0.024,10
1629,0.015160000000000007,-0.044000000000000004,10
1630,0.015200000000000005,-0.0328,10
1631,0.015240000000000004,-0.0296,10
1632,0.015280000000000002,-0.028800000000000003,10
1633,0.01532,-0.0328,10
1634,0.015359999999999999,-0.024800000000000003,10
1635,0.015399999999999997,-0.0264,10
1636,0.01544000000000001,-0.033600000000000005,10
1637,0.015480000000000008,-0.0352,10
1638,0.015520000000000006,-0.028800000000000003,10
1639,0.015560000000000004,-0.027200000000000002,10
1640,0.015600000000000003,-0.024,10
1641,0.01564,-0.019200000000000002,10
1642,0.01568,-0.0176,10
1643,0.015719999999999998,-0.013600000000000001,10
1644,0.015759999999999996,-0.014400000000000001,10
1645,0.01580000000000001,-0.02,10
1646,0.015840000000000007,-0.02,10
1647,0.015880000000000005,-0.016,10
1648,0.015920000000000004,-0.0128,10
1649,0.015960000000000002,-0.016800000000000002,10
1650,0.016,-0.014400000000000001,10
1651,0.01604,-0.012,10
1652,0.016079999999999997,-0.023200000000000002,10
1653,0.01612000000000001,-0.0224,10
1654,0.016160000000000008,-0.014400000000000001,10
1655,0.016200000000000006,-0.019200000000000002,10
1656,0.016240000000000004,-0.024800000000000003,10
1657,0.016280000000000003,-0.028800000000000003,10
1658,0.01632,-0.016800000000000002,10
1659,0.01636,-0.0184,10
1660,0.016399999999999998,-0.0152,10
1661,0.016439999999999996,-0.0152,10
1662,0.01648000000000001,-0.0152,10
1663,0.016520000000000007,-0.016,10
1664,0.016560000000000005,-0.0112,10
1665,0.016600000000000004,-0.0152,10
1666,0.016640000000000002,-0.0128,10
1667,0.01668,-0.0224,10
1668,0.01672,-0.023200000000000002,10
1669,0.016759999999999997,-0.019200000000000002,10
1670,0.01680000000000001,-0.0176,10
1671,0.016840000000000008,-0.016,10
1672,0.016880000000000006,-0.016,10
1673,0.016920000000000004,-0.0176,10
1674,0.016960000000000003,-0.024,10
1675,0.017,-0.020800000000000003,10
1676,0.01704,-0.016800000000000002,10
1677,0.017079999999999998,-0.013600000000000001,10
1678,0.017119999999999996,-0.0152,10
1679,0.01716000000000001,-0.012,10
1680,0.017200000000000007,-0.0184,10
1681,0.017240000000000005,-0.016,10
1682,0.017280000000000004,-0.010400000000000001,10
1683,0.017320000000000002,-0.013600000000000001,10
1684,0.01736,-0.009600000000000001,10
1685,0.0174,-0.0112,10
1686,0.017439999999999997,-0.012,10
1687,0.01748000000000001,-0.0088,10
1688,0.017520000000000008,-0.012,10
1689,0.017560000000000006,-0.0112,10
1690,0.017600000000000005,-0.0088,10
1691,0.017640000000000003,-0.007200000000000001,10
1692,0.01768,-0.007200000000000001,10
1693,0.01772,-0.0056,10
1694,0.017759999999999998,-0.0088,10
1695,0.017799999999999996,-0.009600000000000001,10
1696,0.01784000000000001,-0.0224,10
1697,0.017880000000000007,-0.02,10
1698,0.017920000000000005,-0.019200000000000002,10
1699,0.017960000000000004,-0.020800000000000003,10
1700,0.018000000000000002,-0.0176,10
1701,0.01804,-0.012,10
1702,0.01808,-0.016,10
1703,0.018119999999999997,-0.0056,10
1704,0.01816000000000001,-0.0088,10
1705,0.018200000000000008,-0.007200000000000001,10
1706,0.018240000000000006,-0.0048000000000000004,10
1707,0.018280000000000005,-0.004,10
1708,0.018320000000000003,0.0008,10
1709,0.01836,-0.0064,10
1710,0.0184,-0.0088,10
1711,0.018439999999999998,-0.010400000000000001,10
1712,0.018479999999999996,-0.0088,10
1713,0.01852000000000001,-0.0024000000000000002,10
1714,0.018560000000000007,-0.0064,10
1715,0.018600000000000005,-0.007200000000000001,10
1716,0.018640000000000004,-0.009600000000000001,10
1717,0.018680000000000002,-0.012,10
1718,0.01872,-0.016800000000000002,10
1719,0.01876,-0.010400000000000001,10
1720,0.018799999999999997,-0.007200000000000001,10
1721,0.01884000000000001,-0.007200000000000001,10
1722,0.018880000000000008,-0.010400000000000001,10
1723,0.018920000000000006,-0.009600000000000001,10
1724,0.018960000000000005,-0.0128,10
1725,0.019000000000000003,-0.013600000000000001,10
1726,0.01904,-0.012,10
1727,0.01908,-0.013600000000000001,10
1728,0.019119999999999998,-0.031200000000000002,10
1729,0.019159999999999996,-0.027200000000000002,10
1730,0.01920000000000001,-0.020800000000000003,10
1731,0.019240000000000007,-0.0152,10
1732,0.019280000000000005,-0.0152,10
1733,0.019320000000000004,-0.0216,10
1734,0.019360000000000002,-0.016,10
1735,0.0194,-0.012,10
1736,0.01944,-0.009600000000000001,10
1737,0.019479999999999997,-0.028,10
1738,0.01952000000000001,-0.0296,10
1739,0.019560000000000008,-0.02,10
1740,0.019600000000000006,-0.0184,10
1741,0.019640000000000005,-0.016,10
1742,0.019680000000000003,-0.0128,10
1743,0.01972,-0.014400000000000001,10
1744,0.01976,-0.016,10
1745,0.019799999999999998,-0.012,10
1746,0.019839999999999997,-0.0128,10
1747,0.01988000000000001,-0.0176,10
1748,0.019920000000000007,-0.023200000000000002,10
1749,0.019960000000000006,-0.028800000000000003,10
1750,0.020000000000000004,-0.023200000000000002,10
1751,0.020040000000000002,-0.016800000000000002,10
1752,0.02008,-0.0224,10
1753,0.02012,-0.0216,10
1754,0.020159999999999997,-0.0256,10
1755,0.02020000000000001,-0.028800000000000003,10
1756,0.020240000000000008,-0.033600000000000005,10
1757,0.020280000000000006,-0.0432,10
1758,0.020320000000000005,-0.0392,10
1759,0.020360000000000003,-0.0296,10
1760,0.0204,-0.0224,10
1761,0.02044,-0.016,10
1762,0.020479999999999998,-0.014400000000000001,10
1763,0.020519999999999997,-0.0088,10
1764,0.02056000000000001,-0.012,10
1765,0.020600000000000007,-0.0216,10
1766,0.020640000000000006,-0.014400000000000001,10
1767,0.020680000000000004,-0.014400000000000001,10
1768,0.020720000000000002,-0.010400000000000001,10
1769,0.02076,-0.008,10
1770,0.0208,-0.010400000000000001,10
1771,0.020839999999999997,-0.009600000000000001,10
1772,0.02088000000000001,-0.010400000000000001,10
1773,0.020920000000000008,0.0008,10
1774,0.020960000000000006,-0.0088,10
1775,0.021000000000000005,-0.024800000000000003,10
1776,0.021040000000000003,-0.023200000000000002,10
1777,0.02108,-0.023200000000000002,10
1778,0.02112,-0.027200000000000002,10
1779,0.021159999999999998,-0.0216,10
1780,0.021199999999999997,-0.024,10
1781,0.02124000000000001,-0.0216,10
1782,0.021280000000000007,-0.024800000000000003,10
1783,0.021320000000000006,-0.020800000000000003,10
1784,0.021360000000000004,-0.04,10
1785,0.021400000000000002,-0.044000000000000004,10
1786,0.02144,-0.0352,10
1787,0.02148,-0.028800000000000003,10
1788,0.021519999999999997,-0.024800000000000003,10
1789,0.02156000000000001,-0.036000000000000004,10
1790,0.021600000000000008,-0.0352,10
1791,0.021640000000000006,-0.0352,10
1792,0.021680000000000005,-0.049600000000000005,10
1793,0.021720000000000003,-0.041600000000000005,10
1794,0.02176,-0.0408,10
1795,0.0218,-0.031200000000000002,10
1796,0.02184,-0.0376,10
1797,0.021879999999999997,-0.0328,10
1798,0.02192000000000001,-0.0304,10
1799,0.021960000000000007,-0.023200000000000002,10
1800,0.022000000000000006,-0.02,10
1801,0.022040000000000004,-0.014400000000000001,10
1802,0.022080000000000002,-0.0152,10
1803,0.02212,-0.019200000000000002,10
1804,0.02216,-0.013600000000000001,10
1805,0.022199999999999998,-0.009600000000000001,10
1806,0.02224000000000001,-0.0112,10
1807,0.022280000000000008,-0.016,10
1808,0.022320000000000007,-0.008,10
1809,0.022360000000000005,-0.024,10
1810,0.022400000000000003,-0.02,10
1811,0.02244,-0.0128,10
1812,0.02248,-0.010400000000000001,10
1813,0.02252,-0.0152,10
1814,0.022559999999999997,-0.012,10
1815,0.02260000000000001,-0.0048000000000000004,10
1816,0.022640000000000007,-0.0056,10
1817,0.022680000000000006,-0.0048000000000000004,10
1818,0.022720000000000004,-0.0112,10
1819,0.022760000000000002,-0.0032,10
1820,0.0228,-0.0016,10
1821,0.02284,-0.010400000000000001,10
1822,0.022879999999999998,-0.0064,10
1823,0.02292000000000001,-0.0056,10
1824,0.022960000000000008,-0.0128,10
1825,0.023000000000000007,-0.007200000000000001,10
1826,0.023040000000000005,-0.0048000000000000004,10
1827,0.023080000000000003,-0.0064,10
1828,0.02312,-0.0064,10
1829,0.02316,-0.024,10
1830,0.0232,-0.0184,10
1831,0.023239999999999997,-0.016800000000000002,10
1832,0.02328000000000001,-0.0176,10
1833,0.023320000000000007,-0.019200000000000002,10
1834,0.023360000000000006,-0.014400000000000001,10
1835,0.023400000000000004,-0.009600000000000001,10
1836,0.023440000000000003,-0.014400000000000001,10
1837,0.02348,-0.012,10
1838,0.02352,-0.009600000000000001,10
1839,0.023559999999999998,-0.0112,10
1840,0.02360000000000001,-0.010400000000000001,10
1841,0.023640000000000008,-0.004,10
1842,0.023680000000000007,-0.028,10
1843,0.023720000000000005,-0.019200000000000002,10
1844,0.023760000000000003,-0.016,10
1845,0.0238,-0.04,10
1846,0.02384,-0.0408,10
1847,0.02388,-0.031200000000000002,10
1848,0.023919999999999997,-0.032,10
1849,0.02396000000000001,-0.0264,10
1850,0.024000000000000007,-0.020800000000000003,10
1851,0.024040000000000006,-0.0216,10
1852,0.024080000000000004,-0.0176,10
1853,0.024120000000000003,-0.020800000000000003,10
1854,0.02416,-0.0176,10
1855,0.0242,-0.0112,10
1856,0.024239999999999998,-0.016,10
1857,0.02428000000000001,-0.013600000000000001,10
1858,0.02432000000000001,-0.009600000000000001,10
1859,0.024360000000000007,-0.010400000000000001,10
1860,0.024400000000000005,-0.0064,10
1861,0.024440000000000003,-0.0032,10
1862,0.024480000000000002,-0.0048000000000000004,10
1863,0.02452,0.0008,10
1864,0.02456,-0.0016,10
1865,0.024599999999999997,0.0016,10
1866,0.02464000000000001,0.0016,10
1867,0.024680000000000007,-0.033600000000000005,10
1868,0.024720000000000006,-0.028800000000000003,10
1869,0.024760000000000004,-0.020800000000000003,10
1870,0.024800000000000003,-0.031200000000000002,10
1871,0.02484,-0.0392,10
1872,0.02488,-0.033600000000000005,10
1873,0.024919999999999998,-0.024800000000000003,10
1874,0.02496000000000001,-0.024,10
1875,0.02500000000000001,-0.0176,10
1876,0.025040000000000007,-0.0216,10
1877,0.025080000000000005,-0.0152,10
1878,0.025120000000000003,-0.009600000000000001,10
1879,0.025160000000000002,-0.0088,10
1880,0.0252,-0.0064,10
1881,0.02524,-0.008,10
1882,0.025279999999999997,-0.0064,10
1883,0.02532000000000001,-0.0088,10
1884,0.025360000000000008,-0.0048000000000000004,10
1885,0.025400000000000006,0.0,10
1886,0.025440000000000004,0.0008,10
1887,0.025480000000000003,-0.0016,10
1888,0.02552,-0.0048000000000000004,10
1889,0.02556,-0.0056,10
1890,0.025599999999999998,-0.023200000000000002,10
1891,0.02564000000000001,-0.016800000000000002,10
1892,0.02568000000000001,-0.0176,10
1893,0.025720000000000007,-0.041600000000000005,10
1894,0.025760000000000005,-0.0392,10
1895,0.025800000000000003,-0.036000000000000004,10
1896,0.025840000000000002,-0.028800000000000003,10
1897,0.02588,-0.024800000000000003,10
1898,0.02592,-0.019200000000000002,10
1899,0.025959999999999997,-0.0184,10
1900,0.02600000000000001,-0.0152,10
1901,0.026040000000000008,-0.007200000000000001,10
1902,0.026080000000000006,-0.012,10
1903,0.026120000000000004,-0.0176,10
1904,0.026160000000000003,-0.010400000000000001,10
1905,0.0262,-0.0064,10
1906,0.02624,-0.024,10
1907,0.026279999999999998,-0.019200000000000002,10
1908,0.02632000000000001,-0.014400000000000001,10
1909,0.02636000000000001,-0.013600000000000001,10
1910,0.026400000000000007,-0.020800000000000003,10
1911,0.026440000000000005,-0.0152,10
1912,0.026480000000000004,-0.014400000000000001,10
1913,0.026520000000000002,-0.0184,10
1914,0.02656,-0.007200000000000001,10
1915,0.0266,-0.0048000000000000004,10
1916,0.026639999999999997,-0.0128,10
1917,0.02668000000000001,-0.0088,10
1918,0.026720000000000008,-0.0064,10
1919,0.026760000000000006,-0.009600000000000001,10
1920,0.026800000000000004,-0.0224,10
1921,0.026840000000000003,-0.024,10
1922,0.02688,-0.02,10
1923,0.02692,-0.0176,10
1924,0.026959999999999998,-0.010400000000000001,10
1925,0.02700000000000001,-0.0256,10
1926,0.02704000000000001,-0.02,10
1927,0.027080000000000007,-0.0304,10
1928,0.027120000000000005,-0.023200000000000002,10
1929,0.027160000000000004,-0.024800000000000003,10
1930,0.027200000000000002,-0.020800000000000003,10
1931,0.02724,-0.0176,10
1932,0.02728,-0.020800000000000003,10
1933,0.027319999999999997,-0.0184,10
1934,0.02736000000000001,-0.013600000000000001,10
1935,0.027400000000000008,-0.0088,10
1936,0.027440000000000006,-0.007200000000000001,10
1937,0.027480000000000004,-0.0064,10
1938,0.027520000000000003,-0.0024000000000000002,10
1939,0.02756,-0.028,10
1940,0.0276,-0.028800000000000003,10
1941,0.027639999999999998,-0.0328,10
1942,0.02768000000000001,-0.024800000000000003,10
1943,0.02772000000000001,-0.027200000000000002,10
1944,0.027760000000000007,-0.0224,10
1945,0.027800000000000005,-0.016800000000000002,10
1946,0.027840000000000004,-0.014400000000000001,10
1947,0.027880000000000002,-0.009600000000000001,10
1948,0.02792,-0.013600000000000001,10
1949,0.02796,-0.014400000000000001,10
1950,0.027999999999999997,-0.013600000000000001,10
1951,0.02804000000000001,-0.009600000000000001,10
1952,0.028080000000000008,-0.016800000000000002,10
1953,0.028120000000000006,-0.020800000000000003,10
1954,0.028160000000000004,-0.0152,10
1955,0.028200000000000003,-0.0184,10
1956,0.02824,-0.024,10
1957,0.02828,-0.02,10
1958,0.028319999999999998,-0.0488,10
1959,0.02836000000000001,-0.0368,10
1960,0.02840000000000001,-0.031200000000000002,10
1961,0.028440000000000007,-0.027200000000000002,10
1962,0.028480000000000005,-0.0376,10
1963,0.028520000000000004,-0.033600000000000005,10
1964,0.028560000000000002,-0.023200000000000002,10
1965,0.0286,-0.0224,10
1966,0.02864,-0.019200000000000002,10
1967,0.028679999999999997,-0.049600000000000005,10
1968,0.02872000000000001,-0.0392,10
1969,0.028760000000000008,-0.0424,10
1970,0.028800000000000006,-0.0352,10
1971,0.028840000000000005,-0.056,10
1972,0.028880000000000003,-0.0528,10
1973,0.02892,-0.041600000000000005,10
1974,0.02896,-0.041600000000000005,10
1975,0.028999999999999998,-0.033600000000000005,10
1976,0.02904000000000001,-0.0296,10
1977,0.02908000000000001,-0.044000000000000004,10
1978,0.029120000000000007,-0.0392,10
1979,0.029160000000000005,-0.0344,10
1980,0.029200000000000004,-0.0448,10
1981,0.029240000000000002,-0.0376,10
1982,0.02928,-0.033600000000000005,10
1983,0.02932,-0.0224,10
1984,0.029359999999999997,-0.024,10
1985,0.02940000000000001,-0.0256,10
1986,0.029440000000000008,-0.0224,10
1987,0.029480000000000006,-0.024800000000000003,10
1988,0.029520000000000005,-0.023200000000000002,10
1989,0.029560000000000003,-0.016,10
1990,0.0296,-0.0176,10
1991,0.02964,-0.0128,10
1992,0.029679999999999998,-0.009600000000000001,10
1993,0.02972000000000001,-0.0064,10
1994,0.02976000000000001,-0.013600000000000001,10
1995,0.029800000000000007,-0.0128,10
1996,0.029840000000000005,-0.009600000000000001,10
1997,0.029880000000000004,-0.009600000000000001,10
1998,0.029920000000000002,-0.008,10
1999,0.02996,-0.0048000000000000004,10
2000,0.03,-0.0056,10
2001,0.030039999999999997,-0.028,10
2002,0.03008000000000001,-0.024800000000000003,10
2003,0.030120000000000008,-0.0184,10
2004,0.030160000000000006,-0.0176,10
2005,0.030200000000000005,-0.0152,10
2006,0.030240000000000003,-0.023200000000000002,10
2007,0.03028,-0.016,10
2008,0.03032,-0.0128,10
2009,0.030359999999999998,-0.010400000000000001,10
2010,0.03040000000000001,-0.0128,10
2011,0.03044000000000001,-0.013600000000000001,10
2012,0.030480000000000007,-0.0128,10
2013,0.030520000000000005,-0.0184,10
2014,0.030560000000000004,-0.0216,10
2015,0.030600000000000002,-0.016,10
2016,0.03064,-0.02,10
2017,0.03068,-0.028,10
2018,0.030719999999999997,-0.0224,10
2019,0.03076000000000001,-0.024,10
2020,0.030800000000000008,-0.02,10
2021,0.030840000000000006,-0.0176,10
2022,0.030880000000000005,-0.0152,10
2023,0.030920000000000003,-0.013600000000000001,10
2024,0.03096,-0.016,10
2025,0.031,-0.016800000000000002,10
2026,0.031039999999999998,-0.014400000000000001,10
2027,0.03108000000000001,-0.008,10
2028,0.03112000000000001,-0.009600000000000001,10
2029,0.031160000000000007,-0.0088,10
2030,0.031200000000000006,-0.016800000000000002,10
2031,0.031240000000000004,-0.023200000000000002,10
2032,0.03128,-0.0184,10
2033,0.03132,-0.024,10
2034,0.03136,-0.0176,10
2035,0.0314,-0.02,10
2036,0.03144000000000001,-0.013600000000000001,10
2037,0.03148000000000001,-0.0112,10
2038,0.031520000000000006,-0.0088,10
2039,0.031560000000000005,-0.009600000000000001,10
2040,0.0316,-0.0112,10
2041,0.03164,-0.0088,10
2042,0.03168,-0.012,10
2043,0.03172,-0.0088,10
2044,0.03176000000000001,-0.0064,10
2045,0.03180000000000001,-0.007200000000000001,10
2046,0.03184000000000001,-0.0088,10
2047,0.031880000000000006,-0.02,10
2048,0.031920000000000004,-0.02,10
2049,0.03196,-0.019200000000000002,10
2050,0.032,-0.0264,10
2051,0.03204,-0.027200000000000002,10
2052,0.03208,-0.024800000000000003,10
2053,0.03212000000000001,-0.0296,10
2054,0.03216000000000001,-0.023200000000000002,10
2055,0.032200000000000006,-0.0176,10
2056,0.032240000000000005,-0.020800000000000003,10
2057,0.03228,-0.0224,10
2058,0.03232,-0.02,10
2059,0.03236,-0.028,10
2060,0.0324,-0.0224,10
2061,0.03244000000000001,-0.0216,10
2062,0.03248000000000001,-0.020800000000000003,10
2063,0.03252000000000001,-0.016,10
2064,0.032560000000000006,-0.0264,10
2065,0.032600000000000004,-0.020800000000000003,10
2066,0.03264,-0.027200000000000002,10
2067,0.03268,-0.0256,10
2068,0.03272,-0.023200000000000002,10
2069,0.03276,-0.023200000000000002,10
2070,0.03280000000000001,-0.024800000000000003,10
2071,0.03284000000000001,-0.0296,10
2072,0.032880000000000006,-0.0256,10
2073,0.032920000000000005,-0.016800000000000002,10
2074,0.03296,-0.0152,10
2075,0.033,-0.0112,10
2076,0.03304,-0.0184,10
2077,0.03308,-0.023200000000000002,10
2078,0.03312000000000001,-0.016,10
2079,0.03316000000000001,-0.0176,10
2080,0.03320000000000001,-0.016800000000000002,10
2081,0.033240000000000006,-0.02,10
2082,0.033280000000000004,-0.016800000000000002,10
2083,0.03332,-0.0344,10
2084,0.03336,-0.028800000000000003,10
2085,0.0334,-0.028800000000000003,10
2086,0.03344,-0.02,10
2087,0.03348000000000001,-0.0256,10
2088,0.03352000000000001,-0.023200000000000002,10
2089,0.033560000000000006,-0.028800000000000003,10
2090,0.033600000000000005,-0.028800000000000003,10
2091,0.03364,-0.023200000000000002,10
2092,0.03368,-0.020800000000000003,10
2093,0.03372,-0.019200000000000002,10
2094,0.03376,-0.0152,10
2095,0.03380000000000001,-0.0184,10
2096,0.03384000000000001,-0.016800000000000002,10
2097,0.03388000000000001,-0.013600000000000001,10
2098,0.033920000000000006,-0.0224,10
2099,0.033960000000000004,-0.024800000000000003,10
2100,0.034,-0.019200000000000002,10
2101,0.03404,-0.0152,10
2102,0.03408,-0.012,10
2103,0.03412,-0.016800000000000002,10
2104,0.03416000000000001,-0.0128,10
2105,0.03420000000000001,-0.0112,10
2106,0.03424000000000001,-0.0064,10
2107,0.034280000000000005,-0.004,10
2108,0.03432,-0.012,10
2109,0.03436,-0.012,10
2110,0.0344,-0.0112,10
2111,0.03444,-0.009600000000000001,10
2112,0.03448000000000001,-0.0128,10
2113,0.03452000000000001,-0.0112,10
2114,0.03456000000000001,-0.0088,10
2115,0.034600000000000006,-0.007200000000000001,10
2116,0.034640000000000004,-0.036000000000000004,10
2117,0.03468,-0.0256,10
2118,0.03472,-0.024,10
2119,0.03476,-0.0216,10
2120,0.0348,-0.020800000000000003,10
2121,0.03484000000000001,-0.016,10
2122,0.03488000000000001,-0.016800000000000002,10
2123,0.03492000000000001,-0.012,10
2124,0.034960000000000005,-0.0112,10
2125,0.035,-0.0088,10
2126,0.03504,-0.0296,10
2127,0.03508,-0.0256,10
2128,0.03512,-0.0224,10
2129,0.03516000000000001,-0.019200000000000002,10
2130,0.03520000000000001,-0.020800000000000003,10
2131,0.03524000000000001,-0.032,10
2132,0.035280000000000006,-0.0344,10
2133,0.035320000000000004,-0.0264,10
2134,0.03536,-0.0256,10
2135,0.0354,-0.023200000000000002,10
2136,0.03544,-0.0216,10
2137,0.03548,-0.02,10
2138,0.03552000000000001,-0.0152,10
2139,0.03556000000000001,-0.0152,10
2140,0.03560000000000001,-0.0224,10
2141,0.035640000000000005,-0.0152,10
2142,0.03568,-0.016800000000000002,10
2143,0.03572,-0.02,10
2144,0.03576,-0.0184,10
2145,0.0358,-0.0176,10
2146,0.03584000000000001,-0.019200000000000002,10
2147,0.03588000000000001,-0.016800000000000002,10
2148,0.03592000000000001,-0.010400000000000001,10
2149,0.035960000000000006,-0.010400000000000001,10
2150,0.036000000000000004,-0.0128,10
2151,0.03604,-0.016800000000000002,10
2152,0.03608,-0.0216,10
2153,0.03612,-0.023200000000000002,10
2154,0.03616,-0.016800000000000002,10
2155,0.03620000000000001,-0.012,10
2156,0.03624000000000001,-0.010400000000000001,10
2157,0.03628000000000001,-0.010400000000000001,10
2158,0.036320000000000005,-0.013600000000000001,10
2159,0.03636,-0.009600000000000001,10
2160,0.0364,-0.0056,10
2161,0.03644,-0.0112,10
2162,0.03648,-0.0048000000000000004,10
2163,0.03652000000000001,-0.009600000000000001,10
2164,0.03656000000000001,-0.0224,10
2165,0.03660000000000001,-0.0176,10
2166,0.036640000000000006,-0.033600000000000005,10
2167,0.036680000000000004,-0.0304,10
2168,0.03672,-0.024800000000000003,10
2169,0.03676,-0.0184,10
2170,0.0368,-0.016,10
2171,0.03684,-0.0112,10
2172,0.03688000000000001,-0.016,10
2173,0.03692000000000001,-0.013600000000000001,10
2174,0.03696000000000001,-0.0112,10
2175,0.037000000000000005,-0.0056,10
2176,0.037040000000000003,-0.012,10
2177,0.03708,-0.009600000000000001,10
2178,0.03712,-0.0024000000000000002,10
2179,0.03716,-0.033600000000000005,10
2180,0.03720000000000001,-0.0368,10
2181,0.03724000000000001,-0.028800000000000003,10
2182,0.03728000000000001,-0.0256,10
2183,0.037320000000000006,-0.02,10
2184,0.037360000000000004,-0.0224,10
2185,0.0374,-0.0152,10
2186,0.03744,-0.014400000000000001,10
2187,0.03748,-0.0112,10
2188,0.03752,-0.0088,10
2189,0.03756000000000001,-0.0064,10
2190,0.03760000000000001,-0.0088,10
2191,0.03764000000000001,-0.0056,10
2192,0.037680000000000005,-0.0056,10
2193,0.037720000000000004,-0.008,10
2194,0.03776,-0.014400000000000001,10
2195,0.0378,-0.016800000000000002,10
2196,0.03784,-0.0176,10
2197,0.03788000000000001,-0.0152,10
2198,0.03792000000000001,-0.007200000000000001,10
2199,0.03796000000000001,-0.016800000000000002,10
2200,0.038000000000000006,-0.010400000000000001,10
2201,0.038040000000000004,-0.007200000000000001,10
2202,0.03808,-0.009600000000000001,10
2203,0.03812,-0.0088,10
2204,0.03816,-0.008,10
2205,0.0382,-0.0048000000000000004,10
2206,0.03824000000000001,-0.007200000000000001,10
2207,0.03828000000000001,-0.012,10
2208,0.03832000000000001,-0.0048000000000000004,10
2209,0.038360000000000005,-0.0064,10
2210,0.038400000000000004,-0.0064,10
2211,0.03844,-0.004,10
2212,0.03848,-0.004,10
2213,0.03852,-0.004,10
2214,0.03856000000000001,-0.0048000000000000004,10
2215,0.03860000000000001,-0.0048000000000000004,10
2216,0.03864000000000001,-0.004,10
2217,0.038680000000000006,-0.010400000000000001,10
2218,0.038720000000000004,-0.010400000000000001,10
2219,0.03876,-0.004,10
2220,0.0388,-0.0088,10
2221,0.03884,-0.0112,10
2222,0.03888,-0.027200000000000002,10
2223,0.03892000000000001,-0.0328,10
2224,0.03896000000000001,-0.041600000000000005,10
2225,0.03900000000000001,-0.0296,10
2226,0.039040000000000005,-0.0256,10
2227,0.039080000000000004,-0.0216,10
2228,0.03912,-0.016,10
2229,0.03916,-0.0152,10
2230,0.0392,-0.013600000000000001,10
2231,0.03924000000000001,-0.016,10
2232,0.03928000000000001,-0.0056,10
2233,0.03932000000000001,-0.010400000000000001,10
2234,0.039360000000000006,-0.0152,10
2235,0.039400000000000004,-0.0088,10
2236,0.03944,-0.0152,10
2237,0.03948,-0.016,10
2238,0.03952,-0.0216,10
2239,0.03956,-0.0216,10
2240,0.03960000000000001,-0.0176,10
2241,0.03964000000000001,-0.012,10
2242,0.03968000000000001,-0.0184,10
2243,0.039720000000000005,-0.0216,10
2244,0.039760000000000004,-0.023200000000000002,10
2245,0.0398,-0.014400000000000001,10
2246,0.03984,-0.0112,10
2247,0.03988,-0.0216,10
2248,0.03992000000000001,-0.0152,10
2249,0.03996000000000001,-0.0176,10
2250,0.04000000000000001,-0.0184,10
2251,0.040040000000000006,-0.031200000000000002,10
2252,0.040080000000000005,-0.023200000000000002,10
2253,0.04012,-0.0296,10
2254,0.04016,-0.024800000000000003,10
2255,0.0402,-0.027200000000000002,10
2256,0.04024,-0.024800000000000003,10
2257,0.04028000000000001,-0.04,10
2258,0.04032000000000001,-0.024,10
2259,0.04036000000000001,-0.02,10
2260,0.040400000000000005,-0.012,10
2261,0.040440000000000004,-0.013600000000000001,10
2262,0.04048,-0.014400000000000001,10
2263,0.04052,-0.0112,10
2264,0.04056,-0.004,10
2265,0.04060000000000001,-0.0184,10
2266,0.04064000000000001,-0.0184,10
2267,0.04068000000000001,-0.028800000000000003,10
2268,0.040720000000000006,-0.027200000000000002,10
2269,0.040760000000000005,-0.027200000000000002,10
2270,0.0408,-0.020800000000000003,10
2271,0.04084,-0.0184,10
2272,0.04088,-0.016,10
2273,0.04092,-0.0088,10
2274,0.04096000000000001,-0.0392,10
2275,0.04100000000000001,-0.028,10
2276,0.04104000000000001,-0.0256,10
2277,0.041080000000000005,-0.0256,10
2278,0.041120000000000004,-0.024,10
2279,0.04116,-0.024800000000000003,10
2280,0.0412,-0.020800000000000003,10
2281,0.04124,-0.024800000000000003,10
2282,0.04128000000000001,-0.02,10
2283,0.04132000000000001,-0.014400000000000001,10
2284,0.04136000000000001,-0.0184,10
2285,0.041400000000000006,-0.0112,10
2286,0.041440000000000005,-0.012,10
2287,0.04148,-0.009600000000000001,10
2288,0.04152,-0.010400000000000001,10
2289,0.04156,-0.007200000000000001,10
2290,0.0416,-0.004,10
2291,0.04164000000000001,-0.004,10
2292,0.04168000000000001,-0.0008,10
2293,0.04172000000000001,-0.0024000000000000002,10
2294,0.041760000000000005,-0.0264,10
2295,0.041800000000000004,-0.023200000000000002,10
2296,0.04184,-0.024800000000000003,10
2297,0.04188,-0.0224,10
2298,0.04192,-0.028,10
2299,0.04196000000000001,-0.019200000000000002,10
2300,0.04200000000000001,-0.013600000000000001,10
2301,0.04204000000000001,-0.0128,10
2302,0.042080000000000006,-0.013600000000000001,10
2303,0.042120000000000005,-0.02,10
2304,0.04216,-0.016,10
2305,0.0422,-0.0264,10
2306,0.04224,-0.02,10
2307,0.04228,-0.013600000000000001,10
2308,0.04232000000000001,-0.012,10
2309,0.04236000000000001,-0.016,10
2310,0.04240000000000001,-0.0128,10
2311,0.042440000000000005,-0.016800000000000002,10
2312,0.042480000000000004,-0.0448,10
2313,0.04252,-0.036000000000000004,10
2314,0.04256,-0.0344,10
2315,0.0426,-0.027200000000000002,10
2316,0.04264000000000001,-0.020800000000000003,10
2317,0.04268000000000001,-0.016800000000000002,10
2318,0.04272000000000001,-0.012,10
2319,0.042760000000000006,-0.009600000000000001,10
2320,0.042800000000000005,-0.0048000000000000004,10
2321,0.04284,-0.0048000000000000004,10
2322,0.04288,-0.004,10
2323,0.04292,-0.013600000000000001,10
2324,0.04296,-0.008,10
2325,0.04300000000000001,-0.009600000000000001,10
2326,0.04304000000000001,-0.0064,10
2327,0.04308000000000001,-0.009600000000000001,10
2328,0.043120000000000006,-0.0176,10
2329,0.043160000000000004,-0.02,10
2330,0.0432,-0.0152,10
2331,0.04324,-0.0112,10
2332,0.04328,-0.0256,10
2333,0.04332000000000001,-0.0224,10
2334,0.04336000000000001,-0.020800000000000003,10
2335,0.04340000000000001,-0.0152,10
2336,0.043440000000000006,-0.014400000000000001,10
2337,0.043480000000000005,-0.0088,10
2338,0.04352,-0.009600000000000001,10
2339,0.04356,-0.004,10
2340,0.0436,-0.0056,10
2341,0.04364,-0.0048000000000000004,10
2342,0.04368000000000001,-0.004,10
2343,0.04372000000000001,-0.008,10
2344,0.04376000000000001,-0.0128,10
2345,0.043800000000000006,-0.0064,10
2346,0.043840000000000004,-0.0064,10
2347,0.04388,-0.008,10
2348,0.04392,-0.0152,10
2349,0.04396,-0.012,10
2350,0.04400000000000001,-0.012,10
2351,0.04404000000000001,-0.007200000000000001,10
2352,0.04408000000000001,-0.0128,10
2353,0.044120000000000006,-0.012,10
2354,0.044160000000000005,-0.009600000000000001,10
2355,0.0442,-0.008,10
2356,0.04424,-0.004,10
2357,0.04428,-0.0024000000000000002,10
2358,0.04432,-0.0016,10
2359,0.04436000000000001,-0.0008,10
2360,0.04440000000000001,0.0008,10
2361,0.04444000000000001,-0.009600000000000001,10
2362,0.044480000000000006,-0.008,10
2363,0.044520000000000004,-0.008,10
2364,0.04456,-0.009600000000000001,10
2365,0.0446,-0.009600000000000001,10
2366,0.04464,-0.0056,10
2367,0.04468000000000001,-0.0024000000000000002,10
2368,0.04472000000000001,-0.0008,10
2369,0.04476000000000001,-0.0008,10
2370,0.044800000000000006,0.0008,10
2371,0.044840000000000005,0.0024000000000000002,10
2372,0.04488,0.004,10
2373,0.04492,-0.012,10
2374,0.04496,-0.0112,10
2375,0.045,-0.0128,10
2376,0.04504000000000001,-0.012,10
2377,0.04508000000000001,-0.008,10
2378,0.04512000000000001,-0.0176,10
2379,0.045160000000000006,-0.013600000000000001,10
2380,0.045200000000000004,-0.0064,10
2381,0.04524,-0.009600000000000001,10
2382,0.04528,-0.007200000000000001,10
2383,0.04532,-0.004,10
2384,0.04536000000000001,-0.0008,10
2385,0.04540000000000001,-0.004,10
2386,0.04544000000000001,-0.0024000000000000002,10
2387,0.04548000000000001,0.0008,10
2388,0.045520000000000005,-0.012,10
2389,0.04556,-0.0112,10
2390,0.0456,-0.0088,10
2391,0.04564,-0.0112,10
2392,0.04568,-0.009600000000000001,10
2393,0.04572000000000001,-0.012,10
2394,0.04576000000000001,-0.0056,10
2395,0.04580000000000001,-0.014400000000000001,10
2396,0.045840000000000006,-0.016,10
2397,0.045880000000000004,-0.0112,10
2398,0.04592,-0.013600000000000001,10
2399,0.04596,-0.020800000000000003,10
2400,0.046,-0.014400000000000001,10
2401,0.04604000000000001,-0.0152,10
2402,0.04608000000000001,-0.014400000000000001,10
2403,0.04612000000000001,-0.009600000000000001,10
2404,0.04616000000000001,-0.009600000000000001,10
2405,0.046200000000000005,-0.0064,10
2406,0.04624,-0.0064,10
2407,0.04628,-0.0064,10
2408,0.04632,-0.0056,10
2409,0.04636,-0.0008,10
2410,0.04640000000000001,0.0008,10
2411,0.04644000000000001,0.0008,10
2412,0.04648000000000001,-0.0048000000000000004,10
2413,0.046520000000000006,-0.0056,10
2414,0.046560000000000004,-0.004,10
2415,0.0466,-0.009600000000000001,10
2416,0.04664,-0.007200000000000001,10
2417,0.04668,-0.0064,10
2418,0.04672000000000001,-0.0064,10
2419,0.04676000000000001,-0.007200000000000001,10
2420,0.04680000000000001,-0.007200000000000001,10
2421,0.04684000000000001,-0.0016,10
2422,0.046880000000000005,0.0,10
2423,0.04692,-0.0016,10
2424,0.04696,-0.0064,10
2425,0.047,-0.0344,10
2426,0.04704,-0.028800000000000003,10
2427,0.04708000000000001,-0.0216,10
2428,0.04712000000000001,-0.0176,10
2429,0.04716000000000001,-0.019200000000000002,10
2430,0.047200000000000006,-0.014400000000000001,10
2431,0.047240000000000004,-0.0128,10
2432,0.04728,-0.010400000000000001,10
2433,0.04732,-0.0056,10
2434,0.04736,-0.0128,10
2435,0.04740000000000001,-0.016,10
2436,0.04744000000000001,-0.0128,10
2437,0.04748000000000001,-0.0088,10
2438,0.04752000000000001,-0.009600000000000001,10
2439,0.047560000000000005,-0.010400000000000001,10
2440,0.0476,-0.010400000000000001,10
2441,0.04764,-0.0056,10
2442,0.04768,-0.0064,10
2443,0.04772,-0.004,10
2444,0.04776000000000001,-0.0016,10
2445,0.04780000000000001,-0.0016,10
2446,0.04784000000000001,-0.0008,10
2447,0.047880000000000006,0.0,10
2448,0.047920000000000004,-0.0128,10
2449,0.04796,-0.0088,10
2450,0.048,-0.0088,10
2451,0.04804,-0.007200000000000001,10
2452,0.04808000000000001,-0.0056,10
2453,0.04812000000000001,-0.004,10
2454,0.04816000000000001,-0.0008,10
2455,0.04820000000000001,-0.0032,10
2456,0.048240000000000005,-0.0184,10
2457,0.04828,-0.0176,10
2458,0.04832,-0.02,10
2459,0.04836,-0.0152,10
2460,0.0484,-0.0176,10
2461,0.04844000000000001,-0.016800000000000002,10
2462,0.04848000000000001,-0.013600000000000001,10
2463,0.04852000000000001,-0.009600000000000001,10
2464,0.048560000000000006,-0.0088,10
2465,0.048600000000000004,-0.012,10
2466,0.04864,-0.010400000000000001,10
2467,0.04868,-0.010400000000000001,10
2468,0.04872,-0.0032,10
2469,0.04876000000000001,-0.0064,10
2470,0.04880000000000001,-0.0048000000000000004,10
2471,0.04884000000000001,-0.0024000000000000002,10
2472,0.04888000000000001,-0.0176,10
2473,0.048920000000000005,-0.014400000000000001,10
2474,0.048960000000000004,-0.016,10
2475,0.049,-0.010400000000000001,10
2476,0.04904,-0.009600000000000001,10
2477,0.04908,-0.0088,10
2478,0.04912000000000001,-0.0064,10
2479,0.04916000000000001,-0.012,10
2480,0.04920000000000001,-0.028800000000000003,10
2481,0.049240000000000006,-0.0296,10
2482,0.049280000000000004,-0.0264,10
2483,0.04932,-0.0304,10
2484,0.04936,-0.0264,10
2485,0.0494,-0.020800000000000003,10
2486,0.04944000000000001,-0.016800000000000002,10
2487,0.04948000000000001,-0.0152,10
2488,0.04952000000000001,-0.013600000000000001,10
2489,0.04956000000000001,-0.0128,10
2490,0.049600000000000005,-0.012,10
2491,0.049640000000000004,-0.0128,10
2492,0.04968,-0.0184,10
2493,0.04972,-0.010400000000000001,10
2494,0.04976,-0.009600000000000001,10
2495,0.04980000000000001,-0.013600000000000001,10
2496,0.04984000000000001,-0.009600000000000001,10
2497,0.04988000000000001,-0.0064,10
2498,0.049920000000000006,-0.0056,10
2499,0.049960000000000004,-0.0064,10
