,Mediciónes,Tiempo,Tiempo de integración [ms],Polarizacion grande,Polarizacion chica,Resistencia,Voltaje disco
0,0.0004,-1.25e-05,0.0025,46,0,50,3.6
1,0.0012000000000000001,-1.249e-05,0.0025,46,0,50,3.6
2,0.0,-1.248e-05,0.0025,46,0,50,3.6
3,-0.0004,-1.2470000000000001e-05,0.0025,46,0,50,3.6
4,-0.0004,-1.2460000000000001e-05,0.0025,46,0,50,3.6
5,-0.0004,-1.2450000000000001e-05,0.0025,46,0,50,3.6
6,-0.0004,-1.2440000000000001e-05,0.0025,46,0,50,3.6
7,0.0004,-1.2430000000000001e-05,0.0025,46,0,50,3.6
8,0.0008,-1.2420000000000001e-05,0.0025,46,0,50,3.6
9,0.0008,-1.241e-05,0.0025,46,0,50,3.6
10,0.0008,-1.24e-05,0.0025,46,0,50,3.6
11,0.0012000000000000001,-1.239e-05,0.0025,46,0,50,3.6
12,0.0008,-1.238e-05,0.0025,46,0,50,3.6
13,0.0004,-1.237e-05,0.0025,46,0,50,3.6
14,0.0012000000000000001,-1.236e-05,0.0025,46,0,50,3.6
15,0.0004,-1.235e-05,0.0025,46,0,50,3.6
16,0.0,-1.234e-05,0.0025,46,0,50,3.6
17,0.0008,-1.233e-05,0.0025,46,0,50,3.6
18,0.0008,-1.232e-05,0.0025,46,0,50,3.6
19,0.0004,-1.231e-05,0.0025,46,0,50,3.6
20,0.0004,-1.23e-05,0.0025,46,0,50,3.6
21,0.0004,-1.2290000000000001e-05,0.0025,46,0,50,3.6
22,0.0012000000000000001,-1.2280000000000001e-05,0.0025,46,0,50,3.6
23,-0.0004,-1.2270000000000001e-05,0.0025,46,0,50,3.6
24,0.0,-1.2260000000000001e-05,0.0025,46,0,50,3.6
25,0.0,-1.2250000000000001e-05,0.0025,46,0,50,3.6
26,-0.0004,-1.2240000000000001e-05,0.0025,46,0,50,3.6
27,0.0,-1.223e-05,0.0025,46,0,50,3.6
28,-0.0004,-1.222e-05,0.0025,46,0,50,3.6
29,0.0,-1.221e-05,0.0025,46,0,50,3.6
30,-0.0004,-1.22e-05,0.0025,46,0,50,3.6
31,0.0004,-1.219e-05,0.0025,46,0,50,3.6
32,0.0008,-1.218e-05,0.0025,46,0,50,3.6
33,0.0008,-1.217e-05,0.0025,46,0,50,3.6
34,0.0008,-1.216e-05,0.0025,46,0,50,3.6
35,0.0004,-1.215e-05,0.0025,46,0,50,3.6
36,0.0,-1.214e-05,0.0025,46,0,50,3.6
37,0.0012000000000000001,-1.213e-05,0.0025,46,0,50,3.6
38,0.0012000000000000001,-1.2120000000000001e-05,0.0025,46,0,50,3.6
39,0.0008,-1.2110000000000001e-05,0.0025,46,0,50,3.6
40,0.0008,-1.2100000000000001e-05,0.0025,46,0,50,3.6
41,0.0,-1.2090000000000001e-05,0.0025,46,0,50,3.6
42,0.0,-1.2080000000000001e-05,0.0025,46,0,50,3.6
43,0.0008,-1.2070000000000001e-05,0.0025,46,0,50,3.6
44,0.0004,-1.206e-05,0.0025,46,0,50,3.6
45,0.0,-1.205e-05,0.0025,46,0,50,3.6
46,-0.0008,-1.204e-05,0.0025,46,0,50,3.6
47,0.0008,-1.203e-05,0.0025,46,0,50,3.6
48,0.0008,-1.202e-05,0.0025,46,0,50,3.6
49,0.0008,-1.201e-05,0.0025,46,0,50,3.6
50,0.002,-1.2e-05,0.0025,46,0,50,3.6
51,0.0012000000000000001,-1.199e-05,0.0025,46,0,50,3.6
52,0.0,-1.198e-05,0.0025,46,0,50,3.6
53,0.0004,-1.197e-05,0.0025,46,0,50,3.6
54,0.0,-1.196e-05,0.0025,46,0,50,3.6
55,0.0004,-1.195e-05,0.0025,46,0,50,3.6
56,0.0016,-1.1940000000000001e-05,0.0025,46,0,50,3.6
57,0.0004,-1.1930000000000001e-05,0.0025,46,0,50,3.6
58,0.0016,-1.1920000000000001e-05,0.0025,46,0,50,3.6
59,0.0004,-1.1910000000000001e-05,0.0025,46,0,50,3.6
60,0.0008,-1.1900000000000001e-05,0.0025,46,0,50,3.6
61,0.0012000000000000001,-1.1890000000000001e-05,0.0025,46,0,50,3.6
62,0.0004,-1.1880000000000001e-05,0.0025,46,0,50,3.6
63,0.0,-1.187e-05,0.0025,46,0,50,3.6
64,-0.0004,-1.186e-05,0.0025,46,0,50,3.6
65,0.0008,-1.185e-05,0.0025,46,0,50,3.6
66,0.0008,-1.184e-05,0.0025,46,0,50,3.6
67,0.0004,-1.183e-05,0.0025,46,0,50,3.6
68,0.0,-1.182e-05,0.0025,46,0,50,3.6
69,-0.0004,-1.181e-05,0.0025,46,0,50,3.6
70,0.0008,-1.18e-05,0.0025,46,0,50,3.6
71,-0.0004,-1.179e-05,0.0025,46,0,50,3.6
72,0.0004,-1.178e-05,0.0025,46,0,50,3.6
73,0.0008,-1.177e-05,0.0025,46,0,50,3.6
74,-0.0004,-1.1760000000000001e-05,0.0025,46,0,50,3.6
75,-0.0004,-1.1750000000000001e-05,0.0025,46,0,50,3.6
76,-0.0012000000000000001,-1.1740000000000001e-05,0.0025,46,0,50,3.6
77,-0.0008,-1.1730000000000001e-05,0.0025,46,0,50,3.6
78,-0.0016,-1.1720000000000001e-05,0.0025,46,0,50,3.6
79,-0.0008,-1.1710000000000001e-05,0.0025,46,0,50,3.6
80,0.0004,-1.17e-05,0.0025,46,0,50,3.6
81,0.0004,-1.169e-05,0.0025,46,0,50,3.6
82,0.0004,-1.168e-05,0.0025,46,0,50,3.6
83,0.0008,-1.167e-05,0.0025,46,0,50,3.6
84,0.0004,-1.166e-05,0.0025,46,0,50,3.6
85,0.0004,-1.165e-05,0.0025,46,0,50,3.6
86,0.0,-1.164e-05,0.0025,46,0,50,3.6
87,-0.0004,-1.163e-05,0.0025,46,0,50,3.6
88,0.0004,-1.162e-05,0.0025,46,0,50,3.6
89,0.0004,-1.161e-05,0.0025,46,0,50,3.6
90,0.0004,-1.16e-05,0.0025,46,0,50,3.6
91,0.0004,-1.159e-05,0.0025,46,0,50,3.6
92,0.0,-1.1580000000000001e-05,0.0025,46,0,50,3.6
93,-0.0004,-1.1570000000000001e-05,0.0025,46,0,50,3.6
94,-0.0004,-1.1560000000000001e-05,0.0025,46,0,50,3.6
95,-0.0004,-1.1550000000000001e-05,0.0025,46,0,50,3.6
96,-0.0004,-1.1540000000000001e-05,0.0025,46,0,50,3.6
97,-0.0004,-1.153e-05,0.0025,46,0,50,3.6
98,-0.0004,-1.1520000000000002e-05,0.0025,46,0,50,3.6
99,-0.0004,-1.151e-05,0.0025,46,0,50,3.6
100,0.0,-1.15e-05,0.0025,46,0,50,3.6
101,-0.0004,-1.149e-05,0.0025,46,0,50,3.6
102,-0.0004,-1.148e-05,0.0025,46,0,50,3.6
103,0.0004,-1.147e-05,0.0025,46,0,50,3.6
104,0.0004,-1.146e-05,0.0025,46,0,50,3.6
105,0.0008,-1.145e-05,0.0025,46,0,50,3.6
106,-0.0004,-1.144e-05,0.0025,46,0,50,3.6
107,0.0004,-1.143e-05,0.0025,46,0,50,3.6
108,-0.0004,-1.142e-05,0.0025,46,0,50,3.6
109,0.0,-1.1410000000000001e-05,0.0025,46,0,50,3.6
110,-0.0004,-1.1400000000000001e-05,0.0025,46,0,50,3.6
111,0.0004,-1.1390000000000001e-05,0.0025,46,0,50,3.6
112,0.0004,-1.1380000000000001e-05,0.0025,46,0,50,3.6
113,0.0004,-1.1370000000000001e-05,0.0025,46,0,50,3.6
114,0.0,-1.136e-05,0.0025,46,0,50,3.6
115,0.0004,-1.1350000000000001e-05,0.0025,46,0,50,3.6
116,0.0008,-1.134e-05,0.0025,46,0,50,3.6
117,0.0004,-1.133e-05,0.0025,46,0,50,3.6
118,-0.0004,-1.132e-05,0.0025,46,0,50,3.6
119,0.0008,-1.131e-05,0.0025,46,0,50,3.6
120,0.0008,-1.13e-05,0.0025,46,0,50,3.6
121,0.0012000000000000001,-1.129e-05,0.0025,46,0,50,3.6
122,0.0016,-1.128e-05,0.0025,46,0,50,3.6
123,0.0008,-1.127e-05,0.0025,46,0,50,3.6
124,0.0016,-1.126e-05,0.0025,46,0,50,3.6
125,0.0012000000000000001,-1.125e-05,0.0025,46,0,50,3.6
126,0.0012000000000000001,-1.124e-05,0.0025,46,0,50,3.6
127,0.0004,-1.1230000000000001e-05,0.0025,46,0,50,3.6
128,0.0,-1.1220000000000001e-05,0.0025,46,0,50,3.6
129,-0.0004,-1.1210000000000001e-05,0.0025,46,0,50,3.6
130,0.0008,-1.1200000000000001e-05,0.0025,46,0,50,3.6
131,0.0008,-1.1190000000000001e-05,0.0025,46,0,50,3.6
132,0.0016,-1.1180000000000001e-05,0.0025,46,0,50,3.6
133,0.002,-1.117e-05,0.0025,46,0,50,3.6
134,0.0016,-1.116e-05,0.0025,46,0,50,3.6
135,0.0012000000000000001,-1.115e-05,0.0025,46,0,50,3.6
136,0.0016,-1.114e-05,0.0025,46,0,50,3.6
137,0.0016,-1.113e-05,0.0025,46,0,50,3.6
138,0.0008,-1.112e-05,0.0025,46,0,50,3.6
139,0.0004,-1.111e-05,0.0025,46,0,50,3.6
140,0.0012000000000000001,-1.11e-05,0.0025,46,0,50,3.6
141,0.0016,-1.109e-05,0.0025,46,0,50,3.6
142,0.0012000000000000001,-1.108e-05,0.0025,46,0,50,3.6
143,0.0016,-1.107e-05,0.0025,46,0,50,3.6
144,0.0016,-1.106e-05,0.0025,46,0,50,3.6
145,0.0004,-1.1050000000000001e-05,0.0025,46,0,50,3.6
146,0.0004,-1.1040000000000001e-05,0.0025,46,0,50,3.6
147,0.0008,-1.1030000000000001e-05,0.0025,46,0,50,3.6
148,0.0004,-1.1020000000000001e-05,0.0025,46,0,50,3.6
149,0.0004,-1.1010000000000001e-05,0.0025,46,0,50,3.6
150,0.0004,-1.1e-05,0.0025,46,0,50,3.6
151,-0.0008,-1.0990000000000002e-05,0.0025,46,0,50,3.6
152,0.0004,-1.098e-05,0.0025,46,0,50,3.6
153,0.0,-1.097e-05,0.0025,46,0,50,3.6
154,0.002,-1.096e-05,0.0025,46,0,50,3.6
155,0.0012000000000000001,-1.095e-05,0.0025,46,0,50,3.6
156,0.0012000000000000001,-1.094e-05,0.0025,46,0,50,3.6
157,0.0016,-1.093e-05,0.0025,46,0,50,3.6
158,0.0004,-1.092e-05,0.0025,46,0,50,3.6
159,0.0004,-1.091e-05,0.0025,46,0,50,3.6
160,-0.0004,-1.09e-05,0.0025,46,0,50,3.6
161,0.0,-1.089e-05,0.0025,46,0,50,3.6
162,0.0004,-1.0880000000000001e-05,0.0025,46,0,50,3.6
163,0.0008,-1.0870000000000001e-05,0.0025,46,0,50,3.6
164,0.002,-1.0860000000000001e-05,0.0025,46,0,50,3.6
165,0.0012000000000000001,-1.0850000000000001e-05,0.0025,46,0,50,3.6
166,0.0,-1.0840000000000001e-05,0.0025,46,0,50,3.6
167,0.0,-1.083e-05,0.0025,46,0,50,3.6
168,0.0,-1.0820000000000001e-05,0.0025,46,0,50,3.6
169,0.0004,-1.081e-05,0.0025,46,0,50,3.6
170,-0.0004,-1.08e-05,0.0025,46,0,50,3.6
171,0.0,-1.079e-05,0.0025,46,0,50,3.6
172,0.0012000000000000001,-1.078e-05,0.0025,46,0,50,3.6
173,0.0012000000000000001,-1.077e-05,0.0025,46,0,50,3.6
174,0.0008,-1.076e-05,0.0025,46,0,50,3.6
175,0.0004,-1.075e-05,0.0025,46,0,50,3.6
176,0.0008,-1.074e-05,0.0025,46,0,50,3.6
177,0.0008,-1.073e-05,0.0025,46,0,50,3.6
178,0.0,-1.072e-05,0.0025,46,0,50,3.6
179,0.0008,-1.071e-05,0.0025,46,0,50,3.6
180,0.0,-1.0700000000000001e-05,0.0025,46,0,50,3.6
181,0.0004,-1.0690000000000001e-05,0.0025,46,0,50,3.6
182,0.0008,-1.0680000000000001e-05,0.0025,46,0,50,3.6
183,0.0008,-1.0670000000000001e-05,0.0025,46,0,50,3.6
184,0.0012000000000000001,-1.0660000000000001e-05,0.0025,46,0,50,3.6
185,0.0008,-1.0650000000000001e-05,0.0025,46,0,50,3.6
186,-0.0008,-1.064e-05,0.0025,46,0,50,3.6
187,0.0004,-1.063e-05,0.0025,46,0,50,3.6
188,-0.0004,-1.062e-05,0.0025,46,0,50,3.6
189,0.0004,-1.061e-05,0.0025,46,0,50,3.6
190,0.0,-1.06e-05,0.0025,46,0,50,3.6
191,0.0004,-1.059e-05,0.0025,46,0,50,3.6
192,0.0008,-1.058e-05,0.0025,46,0,50,3.6
193,0.0008,-1.057e-05,0.0025,46,0,50,3.6
194,0.0008,-1.056e-05,0.0025,46,0,50,3.6
195,-0.0004,-1.055e-05,0.0025,46,0,50,3.6
196,0.0004,-1.054e-05,0.0025,46,0,50,3.6
197,0.0,-1.053e-05,0.0025,46,0,50,3.6
198,0.0,-1.0520000000000001e-05,0.0025,46,0,50,3.6
199,0.0,-1.0510000000000001e-05,0.0025,46,0,50,3.6
200,0.0004,-1.0500000000000001e-05,0.0025,46,0,50,3.6
201,-0.0004,-1.049e-05,0.0025,46,0,50,3.6
202,0.0,-1.0480000000000001e-05,0.0025,46,0,50,3.6
203,0.0,-1.047e-05,0.0025,46,0,50,3.6
204,0.0004,-1.0460000000000001e-05,0.0025,46,0,50,3.6
205,0.0012000000000000001,-1.045e-05,0.0025,46,0,50,3.6
206,0.0008,-1.044e-05,0.0025,46,0,50,3.6
207,0.0004,-1.043e-05,0.0025,46,0,50,3.6
208,-0.0008,-1.042e-05,0.0025,46,0,50,3.6
209,-0.0004,-1.041e-05,0.0025,46,0,50,3.6
210,0.0,-1.04e-05,0.0025,46,0,50,3.6
211,0.0004,-1.039e-05,0.0025,46,0,50,3.6
212,0.0,-1.038e-05,0.0025,46,0,50,3.6
213,0.0,-1.037e-05,0.0025,46,0,50,3.6
214,0.0012000000000000001,-1.036e-05,0.0025,46,0,50,3.6
215,0.0016,-1.0350000000000001e-05,0.0025,46,0,50,3.6
216,0.0,-1.0340000000000001e-05,0.0025,46,0,50,3.6
217,0.0008,-1.0330000000000001e-05,0.0025,46,0,50,3.6
218,-0.0004,-1.0320000000000001e-05,0.0025,46,0,50,3.6
219,-0.0004,-1.0310000000000001e-05,0.0025,46,0,50,3.6
220,0.0,-1.03e-05,0.0025,46,0,50,3.6
221,0.0,-1.0290000000000001e-05,0.0025,46,0,50,3.6
222,0.0008,-1.028e-05,0.0025,46,0,50,3.6
223,0.0008,-1.027e-05,0.0025,46,0,50,3.6
224,0.0004,-1.026e-05,0.0025,46,0,50,3.6
225,0.0004,-1.025e-05,0.0025,46,0,50,3.6
226,0.0008,-1.024e-05,0.0025,46,0,50,3.6
227,0.0004,-1.023e-05,0.0025,46,0,50,3.6
228,0.0,-1.022e-05,0.0025,46,0,50,3.6
229,0.0,-1.021e-05,0.0025,46,0,50,3.6
230,0.0008,-1.02e-05,0.0025,46,0,50,3.6
231,0.0008,-1.019e-05,0.0025,46,0,50,3.6
232,0.0012000000000000001,-1.018e-05,0.0025,46,0,50,3.6
233,0.0012000000000000001,-1.0170000000000001e-05,0.0025,46,0,50,3.6
234,0.0012000000000000001,-1.0160000000000001e-05,0.0025,46,0,50,3.6
235,0.0008,-1.0150000000000001e-05,0.0025,46,0,50,3.6
236,0.0004,-1.0140000000000001e-05,0.0025,46,0,50,3.6
237,0.0008,-1.013e-05,0.0025,46,0,50,3.6
238,0.0,-1.0120000000000001e-05,0.0025,46,0,50,3.6
239,0.0008,-1.011e-05,0.0025,46,0,50,3.6
240,0.0,-1.0100000000000002e-05,0.0025,46,0,50,3.6
241,0.0,-1.009e-05,0.0025,46,0,50,3.6
242,0.0008,-1.008e-05,0.0025,46,0,50,3.6
243,-0.0004,-1.007e-05,0.0025,46,0,50,3.6
244,0.0,-1.006e-05,0.0025,46,0,50,3.6
245,0.0004,-1.005e-05,0.0025,46,0,50,3.6
246,0.0008,-1.004e-05,0.0025,46,0,50,3.6
247,0.0004,-1.003e-05,0.0025,46,0,50,3.6
248,0.0008,-1.002e-05,0.0025,46,0,50,3.6
249,0.0012000000000000001,-1.001e-05,0.0025,46,0,50,3.6
250,-0.0004,-1e-05,0.0025,46,0,50,3.6
251,-0.0004,-9.990000000000001e-06,0.0025,46,0,50,3.6
252,-0.0008,-9.980000000000001e-06,0.0025,46,0,50,3.6
253,0.0004,-9.970000000000001e-06,0.0025,46,0,50,3.6
254,0.0004,-9.96e-06,0.0025,46,0,50,3.6
255,0.0008,-9.950000000000001e-06,0.0025,46,0,50,3.6
256,0.0012000000000000001,-9.94e-06,0.0025,46,0,50,3.6
257,0.0016,-9.930000000000001e-06,0.0025,46,0,50,3.6
258,0.0012000000000000001,-9.92e-06,0.0025,46,0,50,3.6
259,0.0008,-9.91e-06,0.0025,46,0,50,3.6
260,-0.0004,-9.9e-06,0.0025,46,0,50,3.6
261,0.0008,-9.89e-06,0.0025,46,0,50,3.6
262,0.0012000000000000001,-9.88e-06,0.0025,46,0,50,3.6
263,0.0008,-9.87e-06,0.0025,46,0,50,3.6
264,0.0004,-9.86e-06,0.0025,46,0,50,3.6
265,0.0,-9.85e-06,0.0025,46,0,50,3.6
266,0.0,-9.84e-06,0.0025,46,0,50,3.6
267,-0.0004,-9.83e-06,0.0025,46,0,50,3.6
268,0.0,-9.820000000000001e-06,0.0025,46,0,50,3.6
269,0.0008,-9.810000000000001e-06,0.0025,46,0,50,3.6
270,-0.0004,-9.800000000000001e-06,0.0025,46,0,50,3.6
271,0.0,-9.790000000000001e-06,0.0025,46,0,50,3.6
272,0.0004,-9.780000000000001e-06,0.0025,46,0,50,3.6
273,0.0004,-9.77e-06,0.0025,46,0,50,3.6
274,-0.0004,-9.760000000000001e-06,0.0025,46,0,50,3.6
275,0.0004,-9.75e-06,0.0025,46,0,50,3.6
276,0.0004,-9.74e-06,0.0025,46,0,50,3.6
277,0.0008,-9.73e-06,0.0025,46,0,50,3.6
278,0.0012000000000000001,-9.72e-06,0.0025,46,0,50,3.6
279,0.0008,-9.71e-06,0.0025,46,0,50,3.6
280,0.0008,-9.7e-06,0.0025,46,0,50,3.6
281,0.0004,-9.69e-06,0.0025,46,0,50,3.6
282,0.0,-9.68e-06,0.0025,46,0,50,3.6
283,0.0004,-9.67e-06,0.0025,46,0,50,3.6
284,0.0,-9.66e-06,0.0025,46,0,50,3.6
285,-0.0004,-9.65e-06,0.0025,46,0,50,3.6
286,0.0008,-9.640000000000001e-06,0.0025,46,0,50,3.6
287,0.0012000000000000001,-9.630000000000001e-06,0.0025,46,0,50,3.6
288,0.0004,-9.620000000000001e-06,0.0025,46,0,50,3.6
289,0.0004,-9.610000000000001e-06,0.0025,46,0,50,3.6
290,0.0,-9.6e-06,0.0025,46,0,50,3.6
291,0.0004,-9.590000000000001e-06,0.0025,46,0,50,3.6
292,-0.0004,-9.58e-06,0.0025,46,0,50,3.6
293,-0.0004,-9.570000000000002e-06,0.0025,46,0,50,3.6
294,0.0,-9.56e-06,0.0025,46,0,50,3.6
295,0.0,-9.55e-06,0.0025,46,0,50,3.6
296,0.0004,-9.54e-06,0.0025,46,0,50,3.6
297,0.0008,-9.53e-06,0.0025,46,0,50,3.6
298,0.0012000000000000001,-9.52e-06,0.0025,46,0,50,3.6
299,0.0012000000000000001,-9.51e-06,0.0025,46,0,50,3.6
300,0.0,-9.5e-06,0.0025,46,0,50,3.6
301,0.0,-9.49e-06,0.0025,46,0,50,3.6
302,-0.0008,-9.48e-06,0.0025,46,0,50,3.6
303,-0.0004,-9.47e-06,0.0025,46,0,50,3.6
304,0.0,-9.460000000000001e-06,0.0025,46,0,50,3.6
305,-0.0004,-9.450000000000001e-06,0.0025,46,0,50,3.6
306,0.0004,-9.440000000000001e-06,0.0025,46,0,50,3.6
307,0.0,-9.43e-06,0.0025,46,0,50,3.6
308,0.0004,-9.420000000000001e-06,0.0025,46,0,50,3.6
309,0.0008,-9.41e-06,0.0025,46,0,50,3.6
310,0.0004,-9.400000000000001e-06,0.0025,46,0,50,3.6
311,0.0008,-9.39e-06,0.0025,46,0,50,3.6
312,-0.0004,-9.38e-06,0.0025,46,0,50,3.6
313,0.0,-9.37e-06,0.0025,46,0,50,3.6
314,0.0008,-9.36e-06,0.0025,46,0,50,3.6
315,0.0,-9.35e-06,0.0025,46,0,50,3.6
316,0.0,-9.34e-06,0.0025,46,0,50,3.6
317,0.0,-9.33e-06,0.0025,46,0,50,3.6
318,-0.0004,-9.32e-06,0.0025,46,0,50,3.6
319,0.0008,-9.31e-06,0.0025,46,0,50,3.6
320,-0.0004,-9.3e-06,0.0025,46,0,50,3.6
321,-0.0004,-9.29e-06,0.0025,46,0,50,3.6
322,0.0,-9.280000000000001e-06,0.0025,46,0,50,3.6
323,-0.0004,-9.270000000000001e-06,0.0025,46,0,50,3.6
324,0.0004,-9.260000000000001e-06,0.0025,46,0,50,3.6
325,-0.0004,-9.250000000000001e-06,0.0025,46,0,50,3.6
326,0.0004,-9.24e-06,0.0025,46,0,50,3.6
327,0.0,-9.230000000000001e-06,0.0025,46,0,50,3.6
328,0.0012000000000000001,-9.22e-06,0.0025,46,0,50,3.6
329,0.002,-9.21e-06,0.0025,46,0,50,3.6
330,0.002,-9.2e-06,0.0025,46,0,50,3.6
331,0.0016,-9.19e-06,0.0025,46,0,50,3.6
332,0.0012000000000000001,-9.18e-06,0.0025,46,0,50,3.6
333,0.0004,-9.17e-06,0.0025,46,0,50,3.6
334,0.0004,-9.16e-06,0.0025,46,0,50,3.6
335,0.0,-9.15e-06,0.0025,46,0,50,3.6
336,0.0008,-9.14e-06,0.0025,46,0,50,3.6
337,0.0004,-9.13e-06,0.0025,46,0,50,3.6
338,0.0008,-9.12e-06,0.0025,46,0,50,3.6
339,0.0008,-9.110000000000001e-06,0.0025,46,0,50,3.6
340,0.0008,-9.100000000000001e-06,0.0025,46,0,50,3.6
341,0.0008,-9.090000000000001e-06,0.0025,46,0,50,3.6
342,0.0004,-9.080000000000001e-06,0.0025,46,0,50,3.6
343,-0.0008,-9.07e-06,0.0025,46,0,50,3.6
344,0.0004,-9.060000000000001e-06,0.0025,46,0,50,3.6
345,0.0012000000000000001,-9.05e-06,0.0025,46,0,50,3.6
346,0.0008,-9.040000000000002e-06,0.0025,46,0,50,3.6
347,0.0016,-9.03e-06,0.0025,46,0,50,3.6
348,0.002,-9.02e-06,0.0025,46,0,50,3.6
349,0.0016,-9.01e-06,0.0025,46,0,50,3.6
350,0.0008,-9e-06,0.0025,46,0,50,3.6
351,0.0008,-8.99e-06,0.0025,46,0,50,3.6
352,0.0012000000000000001,-8.98e-06,0.0025,46,0,50,3.6
353,0.0008,-8.97e-06,0.0025,46,0,50,3.6
354,0.0004,-8.96e-06,0.0025,46,0,50,3.6
355,0.0008,-8.95e-06,0.0025,46,0,50,3.6
356,0.0004,-8.94e-06,0.0025,46,0,50,3.6
357,0.0008,-8.930000000000001e-06,0.0025,46,0,50,3.6
358,0.0008,-8.920000000000001e-06,0.0025,46,0,50,3.6
359,0.0008,-8.910000000000001e-06,0.0025,46,0,50,3.6
360,0.0012000000000000001,-8.9e-06,0.0025,46,0,50,3.6
361,0.0008,-8.890000000000001e-06,0.0025,46,0,50,3.6
362,0.0012000000000000001,-8.88e-06,0.0025,46,0,50,3.6
363,0.0008,-8.870000000000001e-06,0.0025,46,0,50,3.6
364,0.0,-8.86e-06,0.0025,46,0,50,3.6
365,0.0004,-8.85e-06,0.0025,46,0,50,3.6
366,0.0004,-8.84e-06,0.0025,46,0,50,3.6
367,0.0008,-8.83e-06,0.0025,46,0,50,3.6
368,-0.0004,-8.82e-06,0.0025,46,0,50,3.6
369,0.0,-8.81e-06,0.0025,46,0,50,3.6
370,0.0012000000000000001,-8.8e-06,0.0025,46,0,50,3.6
371,0.0012000000000000001,-8.79e-06,0.0025,46,0,50,3.6
372,0.0012000000000000001,-8.78e-06,0.0025,46,0,50,3.6
373,0.0,-8.77e-06,0.0025,46,0,50,3.6
374,-0.0004,-8.76e-06,0.0025,46,0,50,3.6
375,0.0,-8.750000000000001e-06,0.0025,46,0,50,3.6
376,0.0004,-8.740000000000001e-06,0.0025,46,0,50,3.6
377,0.0008,-8.730000000000001e-06,0.0025,46,0,50,3.6
378,0.0008,-8.720000000000001e-06,0.0025,46,0,50,3.6
379,0.0012000000000000001,-8.71e-06,0.0025,46,0,50,3.6
380,0.0012000000000000001,-8.700000000000001e-06,0.0025,46,0,50,3.6
381,0.0004,-8.69e-06,0.0025,46,0,50,3.6
382,0.0004,-8.680000000000002e-06,0.0025,46,0,50,3.6
383,0.0,-8.67e-06,0.0025,46,0,50,3.6
384,-0.0012000000000000001,-8.66e-06,0.0025,46,0,50,3.6
385,-0.0008,-8.65e-06,0.0025,46,0,50,3.6
386,-0.0008,-8.64e-06,0.0025,46,0,50,3.6
387,0.0008,-8.63e-06,0.0025,46,0,50,3.6
388,0.0,-8.62e-06,0.0025,46,0,50,3.6
389,0.0,-8.61e-06,0.0025,46,0,50,3.6
390,0.0,-8.6e-06,0.0025,46,0,50,3.6
391,-0.0004,-8.59e-06,0.0025,46,0,50,3.6
392,0.0,-8.580000000000001e-06,0.0025,46,0,50,3.6
393,-0.0004,-8.570000000000001e-06,0.0025,46,0,50,3.6
394,-0.0004,-8.56e-06,0.0025,46,0,50,3.6
395,0.0,-8.550000000000001e-06,0.0025,46,0,50,3.6
396,0.0004,-8.54e-06,0.0025,46,0,50,3.6
397,0.0,-8.530000000000001e-06,0.0025,46,0,50,3.6
398,0.0008,-8.52e-06,0.0025,46,0,50,3.6
399,0.0004,-8.510000000000002e-06,0.0025,46,0,50,3.6
400,0.0,-8.5e-06,0.0025,46,0,50,3.6
401,0.0004,-8.490000000000002e-06,0.0025,46,0,50,3.6
402,0.0008,-8.48e-06,0.0025,46,0,50,3.6
403,0.0008,-8.47e-06,0.0025,46,0,50,3.6
404,0.0004,-8.46e-06,0.0025,46,0,50,3.6
405,0.0008,-8.45e-06,0.0025,46,0,50,3.6
406,0.0004,-8.44e-06,0.0025,46,0,50,3.6
407,0.0004,-8.43e-06,0.0025,46,0,50,3.6
408,0.0,-8.42e-06,0.0025,46,0,50,3.6
409,0.0,-8.41e-06,0.0025,46,0,50,3.6
410,0.0,-8.400000000000001e-06,0.0025,46,0,50,3.6
411,0.0,-8.39e-06,0.0025,46,0,50,3.6
412,0.0004,-8.380000000000001e-06,0.0025,46,0,50,3.6
413,0.0008,-8.37e-06,0.0025,46,0,50,3.6
414,0.0004,-8.360000000000001e-06,0.0025,46,0,50,3.6
415,0.0004,-8.35e-06,0.0025,46,0,50,3.6
416,0.0012000000000000001,-8.340000000000001e-06,0.0025,46,0,50,3.6
417,-0.0004,-8.33e-06,0.0025,46,0,50,3.6
418,0.0004,-8.320000000000002e-06,0.0025,46,0,50,3.6
419,-0.0004,-8.31e-06,0.0025,46,0,50,3.6
420,0.0012000000000000001,-8.3e-06,0.0025,46,0,50,3.6
421,0.0008,-8.29e-06,0.0025,46,0,50,3.6
422,0.0008,-8.28e-06,0.0025,46,0,50,3.6
423,0.0012000000000000001,-8.27e-06,0.0025,46,0,50,3.6
424,0.0,-8.26e-06,0.0025,46,0,50,3.6
425,0.0008,-8.25e-06,0.0025,46,0,50,3.6
426,-0.0008,-8.24e-06,0.0025,46,0,50,3.6
427,0.0004,-8.23e-06,0.0025,46,0,50,3.6
428,0.0004,-8.220000000000001e-06,0.0025,46,0,50,3.6
429,0.0008,-8.210000000000001e-06,0.0025,46,0,50,3.6
430,0.0012000000000000001,-8.2e-06,0.0025,46,0,50,3.6
431,0.0012000000000000001,-8.190000000000001e-06,0.0025,46,0,50,3.6
432,0.0008,-8.18e-06,0.0025,46,0,50,3.6
433,0.0008,-8.170000000000001e-06,0.0025,46,0,50,3.6
434,0.0004,-8.16e-06,0.0025,46,0,50,3.6
435,0.0,-8.150000000000002e-06,0.0025,46,0,50,3.6
436,-0.0012000000000000001,-8.14e-06,0.0025,46,0,50,3.6
437,0.0004,-8.13e-06,0.0025,46,0,50,3.6
438,0.0,-8.12e-06,0.0025,46,0,50,3.6
439,0.0008,-8.11e-06,0.0025,46,0,50,3.6
440,0.0,-8.1e-06,0.0025,46,0,50,3.6
441,-0.0008,-8.09e-06,0.0025,46,0,50,3.6
442,0.0008,-8.08e-06,0.0025,46,0,50,3.6
443,0.0004,-8.07e-06,0.0025,46,0,50,3.6
444,0.0004,-8.06e-06,0.0025,46,0,50,3.6
445,0.0,-8.050000000000001e-06,0.0025,46,0,50,3.6
446,0.0008,-8.040000000000001e-06,0.0025,46,0,50,3.6
447,0.0004,-8.03e-06,0.0025,46,0,50,3.6
448,0.0,-8.020000000000001e-06,0.0025,46,0,50,3.6
449,0.0008,-8.01e-06,0.0025,46,0,50,3.6
450,0.0,-8.000000000000001e-06,0.0025,46,0,50,3.6
451,0.0008,-7.99e-06,0.0025,46,0,50,3.6
452,0.0012000000000000001,-7.980000000000002e-06,0.0025,46,0,50,3.6
453,0.002,-7.97e-06,0.0025,46,0,50,3.6
454,0.002,-7.960000000000002e-06,0.0025,46,0,50,3.6
455,0.0008,-7.95e-06,0.0025,46,0,50,3.6
456,0.0008,-7.94e-06,0.0025,46,0,50,3.6
457,0.0008,-7.93e-06,0.0025,46,0,50,3.6
458,0.0,-7.92e-06,0.0025,46,0,50,3.6
459,-0.0004,-7.91e-06,0.0025,46,0,50,3.6
460,-0.0004,-7.9e-06,0.0025,46,0,50,3.6
461,0.0004,-7.89e-06,0.0025,46,0,50,3.6
462,0.0008,-7.88e-06,0.0025,46,0,50,3.6
463,0.0004,-7.870000000000001e-06,0.0025,46,0,50,3.6
464,0.0004,-7.86e-06,0.0025,46,0,50,3.6
465,0.0004,-7.850000000000001e-06,0.0025,46,0,50,3.6
466,0.0008,-7.84e-06,0.0025,46,0,50,3.6
467,-0.0004,-7.830000000000001e-06,0.0025,46,0,50,3.6
468,0.0,-7.82e-06,0.0025,46,0,50,3.6
469,0.0008,-7.810000000000001e-06,0.0025,46,0,50,3.6
470,0.0012000000000000001,-7.8e-06,0.0025,46,0,50,3.6
471,0.0012000000000000001,-7.790000000000002e-06,0.0025,46,0,50,3.6
472,0.0012000000000000001,-7.78e-06,0.0025,46,0,50,3.6
473,0.002,-7.77e-06,0.0025,46,0,50,3.6
474,0.0016,-7.76e-06,0.0025,46,0,50,3.6
475,0.0012000000000000001,-7.75e-06,0.0025,46,0,50,3.6
476,0.0012000000000000001,-7.74e-06,0.0025,46,0,50,3.6
477,0.0012000000000000001,-7.73e-06,0.0025,46,0,50,3.6
478,0.0012000000000000001,-7.72e-06,0.0025,46,0,50,3.6
479,0.0008,-7.71e-06,0.0025,46,0,50,3.6
480,0.0008,-7.7e-06,0.0025,46,0,50,3.6
481,0.0004,-7.690000000000001e-06,0.0025,46,0,50,3.6
482,0.0008,-7.680000000000001e-06,0.0025,46,0,50,3.6
483,0.0,-7.67e-06,0.0025,46,0,50,3.6
484,0.0004,-7.660000000000001e-06,0.0025,46,0,50,3.6
485,0.0008,-7.65e-06,0.0025,46,0,50,3.6
486,0.0004,-7.640000000000001e-06,0.0025,46,0,50,3.6
487,0.0012000000000000001,-7.63e-06,0.0025,46,0,50,3.6
488,0.0,-7.620000000000001e-06,0.0025,46,0,50,3.6
489,0.0008,-7.610000000000001e-06,0.0025,46,0,50,3.6
490,0.0008,-7.6e-06,0.0025,46,0,50,3.6
491,0.0008,-7.59e-06,0.0025,46,0,50,3.6
492,0.002,-7.58e-06,0.0025,46,0,50,3.6
493,0.0012000000000000001,-7.57e-06,0.0025,46,0,50,3.6
494,0.0016,-7.5600000000000005e-06,0.0025,46,0,50,3.6
495,0.0012000000000000001,-7.5500000000000006e-06,0.0025,46,0,50,3.6
496,0.0008,-7.540000000000001e-06,0.0025,46,0,50,3.6
497,0.0012000000000000001,-7.530000000000001e-06,0.0025,46,0,50,3.6
498,0.0,-7.520000000000001e-06,0.0025,46,0,50,3.6
499,-0.0004,-7.51e-06,0.0025,46,0,50,3.6
500,-0.0008,-7.5e-06,0.0025,46,0,50,3.6
501,0.0,-7.49e-06,0.0025,46,0,50,3.6
502,0.0,-7.48e-06,0.0025,46,0,50,3.6
503,0.0004,-7.4700000000000005e-06,0.0025,46,0,50,3.6
504,0.0004,-7.4600000000000006e-06,0.0025,46,0,50,3.6
505,0.0,-7.450000000000001e-06,0.0025,46,0,50,3.6
506,0.0,-7.440000000000001e-06,0.0025,46,0,50,3.6
507,-0.0004,-7.430000000000001e-06,0.0025,46,0,50,3.6
508,-0.0012000000000000001,-7.42e-06,0.0025,46,0,50,3.6
509,-0.0004,-7.41e-06,0.0025,46,0,50,3.6
510,-0.0004,-7.4e-06,0.0025,46,0,50,3.6
511,-0.0004,-7.39e-06,0.0025,46,0,50,3.6
512,0.0012000000000000001,-7.3800000000000005e-06,0.0025,46,0,50,3.6
513,0.0004,-7.370000000000001e-06,0.0025,46,0,50,3.6
514,0.0004,-7.360000000000001e-06,0.0025,46,0,50,3.6
515,0.0008,-7.350000000000001e-06,0.0025,46,0,50,3.6
516,0.0004,-7.340000000000001e-06,0.0025,46,0,50,3.6
517,-0.0008,-7.33e-06,0.0025,46,0,50,3.6
518,-0.0012000000000000001,-7.32e-06,0.0025,46,0,50,3.6
519,0.0004,-7.31e-06,0.0025,46,0,50,3.6
520,-0.0008,-7.3e-06,0.0025,46,0,50,3.6
521,0.0,-7.2900000000000005e-06,0.0025,46,0,50,3.6
522,0.0008,-7.280000000000001e-06,0.0025,46,0,50,3.6
523,0.0008,-7.270000000000001e-06,0.0025,46,0,50,3.6
524,-0.0004,-7.260000000000001e-06,0.0025,46,0,50,3.6
525,0.0,-7.250000000000001e-06,0.0025,46,0,50,3.6
526,0.0004,-7.24e-06,0.0025,46,0,50,3.6
527,0.0016,-7.23e-06,0.0025,46,0,50,3.6
528,0.0004,-7.22e-06,0.0025,46,0,50,3.6
529,0.0004,-7.2100000000000004e-06,0.0025,46,0,50,3.6
530,0.0016,-7.2000000000000005e-06,0.0025,46,0,50,3.6
531,0.0008,-7.190000000000001e-06,0.0025,46,0,50,3.6
532,0.0004,-7.180000000000001e-06,0.0025,46,0,50,3.6
533,0.0008,-7.170000000000001e-06,0.0025,46,0,50,3.6
534,0.0008,-7.160000000000001e-06,0.0025,46,0,50,3.6
535,0.0008,-7.15e-06,0.0025,46,0,50,3.6
536,0.0008,-7.14e-06,0.0025,46,0,50,3.6
537,0.0008,-7.13e-06,0.0025,46,0,50,3.6
538,0.0008,-7.1200000000000004e-06,0.0025,46,0,50,3.6
539,0.0004,-7.1100000000000005e-06,0.0025,46,0,50,3.6
540,-0.0004,-7.100000000000001e-06,0.0025,46,0,50,3.6
541,-0.0004,-7.090000000000001e-06,0.0025,46,0,50,3.6
542,0.0004,-7.080000000000001e-06,0.0025,46,0,50,3.6
543,0.0012000000000000001,-7.07e-06,0.0025,46,0,50,3.6
544,0.0016,-7.06e-06,0.0025,46,0,50,3.6
545,0.0024000000000000002,-7.05e-06,0.0025,46,0,50,3.6
546,0.0012000000000000001,-7.04e-06,0.0025,46,0,50,3.6
547,0.0004,-7.0300000000000005e-06,0.0025,46,0,50,3.6
548,0.0008,-7.0200000000000006e-06,0.0025,46,0,50,3.6
549,0.0004,-7.010000000000001e-06,0.0025,46,0,50,3.6
550,0.0008,-7.000000000000001e-06,0.0025,46,0,50,3.6
551,0.0004,-6.990000000000001e-06,0.0025,46,0,50,3.6
552,0.0012000000000000001,-6.98e-06,0.0025,46,0,50,3.6
553,0.002,-6.97e-06,0.0025,46,0,50,3.6
554,0.002,-6.96e-06,0.0025,46,0,50,3.6
555,0.0012000000000000001,-6.95e-06,0.0025,46,0,50,3.6
556,0.0016,-6.9400000000000005e-06,0.0025,46,0,50,3.6
557,0.0004,-6.9300000000000006e-06,0.0025,46,0,50,3.6
558,0.0,-6.920000000000001e-06,0.0025,46,0,50,3.6
559,0.0008,-6.910000000000001e-06,0.0025,46,0,50,3.6
560,0.0012000000000000001,-6.900000000000001e-06,0.0025,46,0,50,3.6
561,0.0016,-6.89e-06,0.0025,46,0,50,3.6
562,0.0012000000000000001,-6.88e-06,0.0025,46,0,50,3.6
563,0.0008,-6.87e-06,0.0025,46,0,50,3.6
564,0.0008,-6.86e-06,0.0025,46,0,50,3.6
565,0.0008,-6.8500000000000005e-06,0.0025,46,0,50,3.6
566,0.0,-6.840000000000001e-06,0.0025,46,0,50,3.6
567,0.0008,-6.830000000000001e-06,0.0025,46,0,50,3.6
568,0.0008,-6.820000000000001e-06,0.0025,46,0,50,3.6
569,0.0,-6.810000000000001e-06,0.0025,46,0,50,3.6
570,0.0008,-6.8e-06,0.0025,46,0,50,3.6
571,0.0008,-6.79e-06,0.0025,46,0,50,3.6
572,0.0008,-6.78e-06,0.0025,46,0,50,3.6
573,0.0004,-6.77e-06,0.0025,46,0,50,3.6
574,0.0016,-6.7600000000000005e-06,0.0025,46,0,50,3.6
575,0.0012000000000000001,-6.750000000000001e-06,0.0025,46,0,50,3.6
576,0.0016,-6.740000000000001e-06,0.0025,46,0,50,3.6
577,0.0012000000000000001,-6.730000000000001e-06,0.0025,46,0,50,3.6
578,0.0016,-6.720000000000001e-06,0.0025,46,0,50,3.6
579,0.0004,-6.71e-06,0.0025,46,0,50,3.6
580,0.0004,-6.7e-06,0.0025,46,0,50,3.6
581,-0.0004,-6.69e-06,0.0025,46,0,50,3.6
582,-0.0008,-6.68e-06,0.0025,46,0,50,3.6
583,0.0,-6.6700000000000005e-06,0.0025,46,0,50,3.6
584,0.0,-6.660000000000001e-06,0.0025,46,0,50,3.6
585,0.0008,-6.650000000000001e-06,0.0025,46,0,50,3.6
586,0.0,-6.640000000000001e-06,0.0025,46,0,50,3.6
587,0.0004,-6.630000000000001e-06,0.0025,46,0,50,3.6
588,0.0008,-6.62e-06,0.0025,46,0,50,3.6
589,0.0004,-6.61e-06,0.0025,46,0,50,3.6
590,-0.0008,-6.6e-06,0.0025,46,0,50,3.6
591,0.0004,-6.5900000000000004e-06,0.0025,46,0,50,3.6
592,-0.0004,-6.5800000000000005e-06,0.0025,46,0,50,3.6
593,0.0008,-6.570000000000001e-06,0.0025,46,0,50,3.6
594,0.0008,-6.560000000000001e-06,0.0025,46,0,50,3.6
595,0.0016,-6.550000000000001e-06,0.0025,46,0,50,3.6
596,0.0016,-6.54e-06,0.0025,46,0,50,3.6
597,0.0012000000000000001,-6.53e-06,0.0025,46,0,50,3.6
598,0.0012000000000000001,-6.52e-06,0.0025,46,0,50,3.6
599,0.0004,-6.51e-06,0.0025,46,0,50,3.6
600,0.0008,-6.5000000000000004e-06,0.0025,46,0,50,3.6
601,0.0004,-6.4900000000000005e-06,0.0025,46,0,50,3.6
602,0.0004,-6.480000000000001e-06,0.0025,46,0,50,3.6
603,0.0004,-6.470000000000001e-06,0.0025,46,0,50,3.6
604,0.0004,-6.460000000000001e-06,0.0025,46,0,50,3.6
605,0.0004,-6.45e-06,0.0025,46,0,50,3.6
606,0.0012000000000000001,-6.44e-06,0.0025,46,0,50,3.6
607,0.0004,-6.43e-06,0.0025,46,0,50,3.6
608,0.0008,-6.42e-06,0.0025,46,0,50,3.6
609,0.0008,-6.4100000000000005e-06,0.0025,46,0,50,3.6
610,0.0008,-6.4000000000000006e-06,0.0025,46,0,50,3.6
611,0.0012000000000000001,-6.390000000000001e-06,0.0025,46,0,50,3.6
612,0.0016,-6.380000000000001e-06,0.0025,46,0,50,3.6
613,0.0016,-6.370000000000001e-06,0.0025,46,0,50,3.6
614,0.002,-6.36e-06,0.0025,46,0,50,3.6
615,0.0008,-6.35e-06,0.0025,46,0,50,3.6
616,0.0012000000000000001,-6.34e-06,0.0025,46,0,50,3.6
617,0.0012000000000000001,-6.33e-06,0.0025,46,0,50,3.6
618,0.0016,-6.3200000000000005e-06,0.0025,46,0,50,3.6
619,0.002,-6.3100000000000006e-06,0.0025,46,0,50,3.6
620,0.0012000000000000001,-6.300000000000001e-06,0.0025,46,0,50,3.6
621,0.0016,-6.290000000000001e-06,0.0025,46,0,50,3.6
622,0.0012000000000000001,-6.280000000000001e-06,0.0025,46,0,50,3.6
623,0.0016,-6.27e-06,0.0025,46,0,50,3.6
624,0.0,-6.26e-06,0.0025,46,0,50,3.6
625,0.0016,-6.25e-06,0.0025,46,0,50,3.6
626,0.002,-6.24e-06,0.0025,46,0,50,3.6
627,0.0016,-6.2300000000000005e-06,0.0025,46,0,50,3.6
628,0.0012000000000000001,-6.220000000000001e-06,0.0025,46,0,50,3.6
629,0.002,-6.210000000000001e-06,0.0025,46,0,50,3.6
630,0.0008,-6.200000000000001e-06,0.0025,46,0,50,3.6
631,0.0004,-6.190000000000001e-06,0.0025,46,0,50,3.6
632,0.0008,-6.18e-06,0.0025,46,0,50,3.6
633,0.0004,-6.17e-06,0.0025,46,0,50,3.6
634,0.0,-6.16e-06,0.0025,46,0,50,3.6
635,0.0016,-6.15e-06,0.0025,46,0,50,3.6
636,0.0016,-6.1400000000000005e-06,0.0025,46,0,50,3.6
637,0.0008,-6.130000000000001e-06,0.0025,46,0,50,3.6
638,0.0012000000000000001,-6.120000000000001e-06,0.0025,46,0,50,3.6
639,0.0004,-6.110000000000001e-06,0.0025,46,0,50,3.6
640,0.0,-6.100000000000001e-06,0.0025,46,0,50,3.6
641,0.0,-6.09e-06,0.0025,46,0,50,3.6
642,0.0008,-6.08e-06,0.0025,46,0,50,3.6
643,0.0008,-6.07e-06,0.0025,46,0,50,3.6
644,0.0016,-6.0600000000000004e-06,0.0025,46,0,50,3.6
645,0.0012000000000000001,-6.0500000000000005e-06,0.0025,46,0,50,3.6
646,0.0012000000000000001,-6.040000000000001e-06,0.0025,46,0,50,3.6
647,0.0016,-6.030000000000001e-06,0.0025,46,0,50,3.6
648,0.0016,-6.020000000000001e-06,0.0025,46,0,50,3.6
649,0.0016,-6.01e-06,0.0025,46,0,50,3.6
650,0.0012000000000000001,-6e-06,0.0025,46,0,50,3.6
651,0.0012000000000000001,-5.99e-06,0.0025,46,0,50,3.6
652,0.0016,-5.98e-06,0.0025,46,0,50,3.6
653,0.0012000000000000001,-5.9700000000000004e-06,0.0025,46,0,50,3.6
654,0.0008,-5.9600000000000005e-06,0.0025,46,0,50,3.6
655,0.0012000000000000001,-5.950000000000001e-06,0.0025,46,0,50,3.6
656,0.0008,-5.940000000000001e-06,0.0025,46,0,50,3.6
657,0.0012000000000000001,-5.930000000000001e-06,0.0025,46,0,50,3.6
658,0.0012000000000000001,-5.92e-06,0.0025,46,0,50,3.6
659,0.0012000000000000001,-5.91e-06,0.0025,46,0,50,3.6
660,0.0012000000000000001,-5.9e-06,0.0025,46,0,50,3.6
661,0.0008,-5.89e-06,0.0025,46,0,50,3.6
662,0.0004,-5.8800000000000005e-06,0.0025,46,0,50,3.6
663,0.0,-5.8700000000000005e-06,0.0025,46,0,50,3.6
664,0.0008,-5.860000000000001e-06,0.0025,46,0,50,3.6
665,-0.0004,-5.850000000000001e-06,0.0025,46,0,50,3.6
666,0.0012000000000000001,-5.840000000000001e-06,0.0025,46,0,50,3.6
667,0.0016,-5.83e-06,0.0025,46,0,50,3.6
668,0.0,-5.82e-06,0.0025,46,0,50,3.6
669,0.0016,-5.81e-06,0.0025,46,0,50,3.6
670,0.0016,-5.8e-06,0.0025,46,0,50,3.6
671,0.0016,-5.7900000000000005e-06,0.0025,46,0,50,3.6
672,0.0012000000000000001,-5.7800000000000006e-06,0.0025,46,0,50,3.6
673,0.0012000000000000001,-5.770000000000001e-06,0.0025,46,0,50,3.6
674,0.0008,-5.760000000000001e-06,0.0025,46,0,50,3.6
675,0.0016,-5.750000000000001e-06,0.0025,46,0,50,3.6
676,0.0008,-5.74e-06,0.0025,46,0,50,3.6
677,0.0012000000000000001,-5.73e-06,0.0025,46,0,50,3.6
678,0.002,-5.72e-06,0.0025,46,0,50,3.6
679,0.0016,-5.71e-06,0.0025,46,0,50,3.6
680,0.0008,-5.7000000000000005e-06,0.0025,46,0,50,3.6
681,0.0008,-5.690000000000001e-06,0.0025,46,0,50,3.6
682,0.0004,-5.680000000000001e-06,0.0025,46,0,50,3.6
683,0.0004,-5.670000000000001e-06,0.0025,46,0,50,3.6
684,0.0008,-5.660000000000001e-06,0.0025,46,0,50,3.6
685,0.0012000000000000001,-5.65e-06,0.0025,46,0,50,3.6
686,0.0004,-5.64e-06,0.0025,46,0,50,3.6
687,0.0016,-5.63e-06,0.0025,46,0,50,3.6
688,0.0024000000000000002,-5.62e-06,0.0025,46,0,50,3.6
689,0.0016,-5.6100000000000005e-06,0.0025,46,0,50,3.6
690,0.0016,-5.600000000000001e-06,0.0025,46,0,50,3.6
691,0.0016,-5.590000000000001e-06,0.0025,46,0,50,3.6
692,0.0012000000000000001,-5.580000000000001e-06,0.0025,46,0,50,3.6
693,0.0012000000000000001,-5.57e-06,0.0025,46,0,50,3.6
694,0.0016,-5.56e-06,0.0025,46,0,50,3.6
695,0.0008,-5.55e-06,0.0025,46,0,50,3.6
696,0.0012000000000000001,-5.54e-06,0.0025,46,0,50,3.6
697,0.002,-5.53e-06,0.0025,46,0,50,3.6
698,0.0012000000000000001,-5.5200000000000005e-06,0.0025,46,0,50,3.6
699,0.0012000000000000001,-5.510000000000001e-06,0.0025,46,0,50,3.6
700,0.0016,-5.500000000000001e-06,0.0025,46,0,50,3.6
701,0.002,-5.490000000000001e-06,0.0025,46,0,50,3.6
702,0.002,-5.48e-06,0.0025,46,0,50,3.6
703,0.0012000000000000001,-5.47e-06,0.0025,46,0,50,3.6
704,0.0004,-5.46e-06,0.0025,46,0,50,3.6
705,0.0008,-5.45e-06,0.0025,46,0,50,3.6
706,0.0004,-5.4400000000000004e-06,0.0025,46,0,50,3.6
707,0.0008,-5.4300000000000005e-06,0.0025,46,0,50,3.6
708,0.0008,-5.420000000000001e-06,0.0025,46,0,50,3.6
709,0.0024000000000000002,-5.410000000000001e-06,0.0025,46,0,50,3.6
710,0.002,-5.400000000000001e-06,0.0025,46,0,50,3.6
711,0.0016,-5.39e-06,0.0025,46,0,50,3.6
712,0.0008,-5.38e-06,0.0025,46,0,50,3.6
713,0.0012000000000000001,-5.37e-06,0.0025,46,0,50,3.6
714,0.0012000000000000001,-5.36e-06,0.0025,46,0,50,3.6
715,0.0008,-5.3500000000000004e-06,0.0025,46,0,50,3.6
716,0.0008,-5.3400000000000005e-06,0.0025,46,0,50,3.6
717,0.0012000000000000001,-5.330000000000001e-06,0.0025,46,0,50,3.6
718,0.0024000000000000002,-5.320000000000001e-06,0.0025,46,0,50,3.6
719,0.0024000000000000002,-5.310000000000001e-06,0.0025,46,0,50,3.6
720,0.0024000000000000002,-5.3e-06,0.0025,46,0,50,3.6
721,0.0016,-5.29e-06,0.0025,46,0,50,3.6
722,0.0016,-5.28e-06,0.0025,46,0,50,3.6
723,0.0012000000000000001,-5.27e-06,0.0025,46,0,50,3.6
724,0.0008,-5.2600000000000005e-06,0.0025,46,0,50,3.6
725,0.0008,-5.2500000000000006e-06,0.0025,46,0,50,3.6
726,0.0008,-5.240000000000001e-06,0.0025,46,0,50,3.6
727,0.0008,-5.230000000000001e-06,0.0025,46,0,50,3.6
728,0.002,-5.220000000000001e-06,0.0025,46,0,50,3.6
729,0.0016,-5.21e-06,0.0025,46,0,50,3.6
730,0.0012000000000000001,-5.2e-06,0.0025,46,0,50,3.6
731,0.0008,-5.19e-06,0.0025,46,0,50,3.6
732,0.0004,-5.18e-06,0.0025,46,0,50,3.6
733,0.0004,-5.1700000000000005e-06,0.0025,46,0,50,3.6
734,0.0012000000000000001,-5.1600000000000006e-06,0.0025,46,0,50,3.6
735,0.0004,-5.150000000000001e-06,0.0025,46,0,50,3.6
736,0.0008,-5.140000000000001e-06,0.0025,46,0,50,3.6
737,0.0008,-5.130000000000001e-06,0.0025,46,0,50,3.6
738,0.0008,-5.12e-06,0.0025,46,0,50,3.6
739,0.0004,-5.11e-06,0.0025,46,0,50,3.6
740,0.0016,-5.1e-06,0.0025,46,0,50,3.6
741,0.0016,-5.09e-06,0.0025,46,0,50,3.6
742,0.0012000000000000001,-5.0800000000000005e-06,0.0025,46,0,50,3.6
743,0.0016,-5.070000000000001e-06,0.0025,46,0,50,3.6
744,0.0016,-5.060000000000001e-06,0.0025,46,0,50,3.6
745,0.0004,-5.050000000000001e-06,0.0025,46,0,50,3.6
746,0.0016,-5.04e-06,0.0025,46,0,50,3.6
747,0.0008,-5.03e-06,0.0025,46,0,50,3.6
748,0.0008,-5.02e-06,0.0025,46,0,50,3.6
749,0.0016,-5.01e-06,0.0025,46,0,50,3.6
750,0.0012000000000000001,-5e-06,0.0025,46,0,50,3.6
751,0.0024000000000000002,-4.9900000000000005e-06,0.0025,46,0,50,3.6
752,0.0012000000000000001,-4.980000000000001e-06,0.0025,46,0,50,3.6
753,0.0008,-4.970000000000001e-06,0.0025,46,0,50,3.6
754,0.0012000000000000001,-4.960000000000001e-06,0.0025,46,0,50,3.6
755,0.0,-4.95e-06,0.0025,46,0,50,3.6
756,0.0,-4.94e-06,0.0025,46,0,50,3.6
757,0.0,-4.93e-06,0.0025,46,0,50,3.6
758,0.0004,-4.92e-06,0.0025,46,0,50,3.6
759,0.0008,-4.9100000000000004e-06,0.0025,46,0,50,3.6
760,0.0024000000000000002,-4.9000000000000005e-06,0.0025,46,0,50,3.6
761,0.0012000000000000001,-4.890000000000001e-06,0.0025,46,0,50,3.6
762,0.0016,-4.880000000000001e-06,0.0025,46,0,50,3.6
763,0.0008,-4.870000000000001e-06,0.0025,46,0,50,3.6
764,0.0,-4.860000000000001e-06,0.0025,46,0,50,3.6
765,0.0,-4.850000000000001e-06,0.0025,46,0,50,3.6
766,0.0008,-4.840000000000001e-06,0.0025,46,0,50,3.6
767,0.0004,-4.830000000000001e-06,0.0025,46,0,50,3.6
768,0.0016,-4.82e-06,0.0025,46,0,50,3.6
769,0.0012000000000000001,-4.81e-06,0.0025,46,0,50,3.6
770,0.002,-4.8e-06,0.0025,46,0,50,3.6
771,0.0012000000000000001,-4.79e-06,0.0025,46,0,50,3.6
772,0.0016,-4.78e-06,0.0025,46,0,50,3.6
773,0.0016,-4.77e-06,0.0025,46,0,50,3.6
774,0.0016,-4.76e-06,0.0025,46,0,50,3.6
775,0.0008,-4.75e-06,0.0025,46,0,50,3.6
776,0.0004,-4.74e-06,0.0025,46,0,50,3.6
777,0.0008,-4.7300000000000005e-06,0.0025,46,0,50,3.6
778,0.0012000000000000001,-4.7200000000000005e-06,0.0025,46,0,50,3.6
779,0.0008,-4.710000000000001e-06,0.0025,46,0,50,3.6
780,0.0008,-4.700000000000001e-06,0.0025,46,0,50,3.6
781,0.0008,-4.690000000000001e-06,0.0025,46,0,50,3.6
782,0.0008,-4.680000000000001e-06,0.0025,46,0,50,3.6
783,0.0012000000000000001,-4.670000000000001e-06,0.0025,46,0,50,3.6
784,0.002,-4.660000000000001e-06,0.0025,46,0,50,3.6
785,0.0004,-4.650000000000001e-06,0.0025,46,0,50,3.6
786,0.0012000000000000001,-4.64e-06,0.0025,46,0,50,3.6
787,0.0012000000000000001,-4.63e-06,0.0025,46,0,50,3.6
788,0.0004,-4.62e-06,0.0025,46,0,50,3.6
789,0.0016,-4.61e-06,0.0025,46,0,50,3.6
790,0.0004,-4.6e-06,0.0025,46,0,50,3.6
791,0.0016,-4.59e-06,0.0025,46,0,50,3.6
792,0.0012000000000000001,-4.58e-06,0.0025,46,0,50,3.6
793,0.0016,-4.57e-06,0.0025,46,0,50,3.6
794,0.0016,-4.56e-06,0.0025,46,0,50,3.6
795,0.0,-4.5500000000000005e-06,0.0025,46,0,50,3.6
796,0.0008,-4.540000000000001e-06,0.0025,46,0,50,3.6
797,-0.0004,-4.530000000000001e-06,0.0025,46,0,50,3.6
798,-0.0004,-4.520000000000001e-06,0.0025,46,0,50,3.6
799,0.0004,-4.510000000000001e-06,0.0025,46,0,50,3.6
800,0.0,-4.500000000000001e-06,0.0025,46,0,50,3.6
801,0.0008,-4.490000000000001e-06,0.0025,46,0,50,3.6
802,0.0008,-4.480000000000001e-06,0.0025,46,0,50,3.6
803,0.0008,-4.470000000000001e-06,0.0025,46,0,50,3.6
804,0.0012000000000000001,-4.46e-06,0.0025,46,0,50,3.6
805,0.0004,-4.45e-06,0.0025,46,0,50,3.6
806,0.0004,-4.44e-06,0.0025,46,0,50,3.6
807,0.0008,-4.43e-06,0.0025,46,0,50,3.6
808,0.0004,-4.42e-06,0.0025,46,0,50,3.6
809,0.0008,-4.41e-06,0.0025,46,0,50,3.6
810,0.0004,-4.4e-06,0.0025,46,0,50,3.6
811,0.0008,-4.39e-06,0.0025,46,0,50,3.6
812,0.0012000000000000001,-4.38e-06,0.0025,46,0,50,3.6
813,0.0012000000000000001,-4.3700000000000005e-06,0.0025,46,0,50,3.6
814,0.0016,-4.360000000000001e-06,0.0025,46,0,50,3.6
815,0.0008,-4.350000000000001e-06,0.0025,46,0,50,3.6
816,0.0008,-4.340000000000001e-06,0.0025,46,0,50,3.6
817,0.0008,-4.330000000000001e-06,0.0025,46,0,50,3.6
818,0.002,-4.320000000000001e-06,0.0025,46,0,50,3.6
819,0.0016,-4.310000000000001e-06,0.0025,46,0,50,3.6
820,0.0016,-4.300000000000001e-06,0.0025,46,0,50,3.6
821,0.0012000000000000001,-4.29e-06,0.0025,46,0,50,3.6
822,0.0008,-4.28e-06,0.0025,46,0,50,3.6
823,0.0012000000000000001,-4.27e-06,0.0025,46,0,50,3.6
824,0.0024000000000000002,-4.26e-06,0.0025,46,0,50,3.6
825,0.0016,-4.25e-06,0.0025,46,0,50,3.6
826,0.0008,-4.24e-06,0.0025,46,0,50,3.6
827,0.0016,-4.23e-06,0.0025,46,0,50,3.6
828,0.0004,-4.22e-06,0.0025,46,0,50,3.6
829,0.0008,-4.21e-06,0.0025,46,0,50,3.6
830,0.0004,-4.2000000000000004e-06,0.0025,46,0,50,3.6
831,0.0,-4.1900000000000005e-06,0.0025,46,0,50,3.6
832,0.0008,-4.180000000000001e-06,0.0025,46,0,50,3.6
833,0.0008,-4.170000000000001e-06,0.0025,46,0,50,3.6
834,0.0008,-4.160000000000001e-06,0.0025,46,0,50,3.6
835,0.0012000000000000001,-4.150000000000001e-06,0.0025,46,0,50,3.6
836,0.0008,-4.140000000000001e-06,0.0025,46,0,50,3.6
837,0.0008,-4.130000000000001e-06,0.0025,46,0,50,3.6
838,0.0,-4.120000000000001e-06,0.0025,46,0,50,3.6
839,0.0004,-4.11e-06,0.0025,46,0,50,3.6
840,0.0012000000000000001,-4.1e-06,0.0025,46,0,50,3.6
841,0.0012000000000000001,-4.09e-06,0.0025,46,0,50,3.6
842,0.002,-4.08e-06,0.0025,46,0,50,3.6
843,0.002,-4.07e-06,0.0025,46,0,50,3.6
844,0.002,-4.06e-06,0.0025,46,0,50,3.6
845,0.0012000000000000001,-4.05e-06,0.0025,46,0,50,3.6
846,0.0016,-4.04e-06,0.0025,46,0,50,3.6
847,0.0008,-4.03e-06,0.0025,46,0,50,3.6
848,0.0004,-4.0200000000000005e-06,0.0025,46,0,50,3.6
849,0.0004,-4.0100000000000006e-06,0.0025,46,0,50,3.6
850,0.0008,-4.000000000000001e-06,0.0025,46,0,50,3.6
851,0.0008,-3.990000000000001e-06,0.0025,46,0,50,3.6
852,0.0004,-3.980000000000001e-06,0.0025,46,0,50,3.6
853,0.0012000000000000001,-3.970000000000001e-06,0.0025,46,0,50,3.6
854,0.0004,-3.960000000000001e-06,0.0025,46,0,50,3.6
855,0.0,-3.950000000000001e-06,0.0025,46,0,50,3.6
856,0.0,-3.940000000000001e-06,0.0025,46,0,50,3.6
857,0.0,-3.93e-06,0.0025,46,0,50,3.6
858,0.0,-3.92e-06,0.0025,46,0,50,3.6
859,0.0004,-3.91e-06,0.0025,46,0,50,3.6
860,0.0004,-3.9e-06,0.0025,46,0,50,3.6
861,0.0,-3.89e-06,0.0025,46,0,50,3.6
862,0.0008,-3.88e-06,0.0025,46,0,50,3.6
863,0.0008,-3.87e-06,0.0025,46,0,50,3.6
864,0.0008,-3.86e-06,0.0025,46,0,50,3.6
865,0.0016,-3.85e-06,0.0025,46,0,50,3.6
866,0.0008,-3.8400000000000005e-06,0.0025,46,0,50,3.6
867,0.0004,-3.830000000000001e-06,0.0025,46,0,50,3.6
868,0.0004,-3.820000000000001e-06,0.0025,46,0,50,3.6
869,0.0004,-3.810000000000001e-06,0.0025,46,0,50,3.6
870,0.0,-3.800000000000001e-06,0.0025,46,0,50,3.6
871,-0.0008,-3.790000000000001e-06,0.0025,46,0,50,3.6
872,0.0,-3.780000000000001e-06,0.0025,46,0,50,3.6
873,0.0004,-3.770000000000001e-06,0.0025,46,0,50,3.6
874,0.0004,-3.7599999999999996e-06,0.0025,46,0,50,3.6
875,0.0004,-3.7499999999999997e-06,0.0025,46,0,50,3.6
876,0.0,-3.7399999999999998e-06,0.0025,46,0,50,3.6
877,0.0008,-3.73e-06,0.0025,46,0,50,3.6
878,0.0,-3.72e-06,0.0025,46,0,50,3.6
879,-0.0008,-3.71e-06,0.0025,46,0,50,3.6
880,0.0,-3.7e-06,0.0025,46,0,50,3.6
881,-0.0004,-3.6900000000000002e-06,0.0025,46,0,50,3.6
882,0.0008,-3.6800000000000003e-06,0.0025,46,0,50,3.6
883,0.0016,-3.6700000000000004e-06,0.0025,46,0,50,3.6
884,0.002,-3.6600000000000005e-06,0.0025,46,0,50,3.6
885,0.0016,-3.6500000000000006e-06,0.0025,46,0,50,3.6
886,0.002,-3.6400000000000007e-06,0.0025,46,0,50,3.6
887,0.0008,-3.630000000000001e-06,0.0025,46,0,50,3.6
888,0.0012000000000000001,-3.620000000000001e-06,0.0025,46,0,50,3.6
889,0.0004,-3.610000000000001e-06,0.0025,46,0,50,3.6
890,0.0,-3.600000000000001e-06,0.0025,46,0,50,3.6
891,0.0012000000000000001,-3.590000000000001e-06,0.0025,46,0,50,3.6
892,0.0012000000000000001,-3.5799999999999996e-06,0.0025,46,0,50,3.6
893,0.0024000000000000002,-3.5699999999999997e-06,0.0025,46,0,50,3.6
894,0.0012000000000000001,-3.56e-06,0.0025,46,0,50,3.6
895,0.0008,-3.55e-06,0.0025,46,0,50,3.6
896,0.0004,-3.54e-06,0.0025,46,0,50,3.6
897,0.0004,-3.53e-06,0.0025,46,0,50,3.6
898,0.0004,-3.52e-06,0.0025,46,0,50,3.6
899,0.0,-3.5100000000000003e-06,0.0025,46,0,50,3.6
900,0.0,-3.5000000000000004e-06,0.0025,46,0,50,3.6
901,0.0008,-3.4900000000000005e-06,0.0025,46,0,50,3.6
902,0.0008,-3.4800000000000006e-06,0.0025,46,0,50,3.6
903,0.0012000000000000001,-3.4700000000000007e-06,0.0025,46,0,50,3.6
904,0.0008,-3.4600000000000008e-06,0.0025,46,0,50,3.6
905,0.0012000000000000001,-3.450000000000001e-06,0.0025,46,0,50,3.6
906,0.0012000000000000001,-3.440000000000001e-06,0.0025,46,0,50,3.6
907,0.0012000000000000001,-3.430000000000001e-06,0.0025,46,0,50,3.6
908,0.0024000000000000002,-3.420000000000001e-06,0.0025,46,0,50,3.6
909,0.0008,-3.4100000000000012e-06,0.0025,46,0,50,3.6
910,0.0012000000000000001,-3.3999999999999996e-06,0.0025,46,0,50,3.6
911,0.0012000000000000001,-3.3899999999999997e-06,0.0025,46,0,50,3.6
912,0.0008,-3.38e-06,0.0025,46,0,50,3.6
913,0.0004,-3.37e-06,0.0025,46,0,50,3.6
914,0.0008,-3.36e-06,0.0025,46,0,50,3.6
915,0.0012000000000000001,-3.35e-06,0.0025,46,0,50,3.6
916,0.0012000000000000001,-3.34e-06,0.0025,46,0,50,3.6
917,0.0012000000000000001,-3.3300000000000003e-06,0.0025,46,0,50,3.6
918,0.0012000000000000001,-3.3200000000000004e-06,0.0025,46,0,50,3.6
919,0.0008,-3.3100000000000005e-06,0.0025,46,0,50,3.6
920,0.0004,-3.3000000000000006e-06,0.0025,46,0,50,3.6
921,-0.0004,-3.2900000000000007e-06,0.0025,46,0,50,3.6
922,-0.0004,-3.2800000000000008e-06,0.0025,46,0,50,3.6
923,0.0012000000000000001,-3.270000000000001e-06,0.0025,46,0,50,3.6
924,0.0008,-3.260000000000001e-06,0.0025,46,0,50,3.6
925,0.0012000000000000001,-3.250000000000001e-06,0.0025,46,0,50,3.6
926,0.0016,-3.240000000000001e-06,0.0025,46,0,50,3.6
927,0.0008,-3.2299999999999996e-06,0.0025,46,0,50,3.6
928,0.0012000000000000001,-3.2199999999999997e-06,0.0025,46,0,50,3.6
929,0.0008,-3.2099999999999998e-06,0.0025,46,0,50,3.6
930,0.0004,-3.2e-06,0.0025,46,0,50,3.6
931,-0.0004,-3.19e-06,0.0025,46,0,50,3.6
932,0.0004,-3.18e-06,0.0025,46,0,50,3.6
933,0.0,-3.17e-06,0.0025,46,0,50,3.6
934,0.0008,-3.1600000000000002e-06,0.0025,46,0,50,3.6
935,0.0008,-3.1500000000000003e-06,0.0025,46,0,50,3.6
936,0.0008,-3.1400000000000004e-06,0.0025,46,0,50,3.6
937,-0.0004,-3.1300000000000005e-06,0.0025,46,0,50,3.6
938,0.0008,-3.1200000000000006e-06,0.0025,46,0,50,3.6
939,0.0004,-3.1100000000000007e-06,0.0025,46,0,50,3.6
940,0.0004,-3.100000000000001e-06,0.0025,46,0,50,3.6
941,0.0016,-3.090000000000001e-06,0.0025,46,0,50,3.6
942,0.0008,-3.080000000000001e-06,0.0025,46,0,50,3.6
943,0.0016,-3.070000000000001e-06,0.0025,46,0,50,3.6
944,0.0012000000000000001,-3.060000000000001e-06,0.0025,46,0,50,3.6
945,0.0004,-3.0499999999999996e-06,0.0025,46,0,50,3.6
946,0.0016,-3.0399999999999997e-06,0.0025,46,0,50,3.6
947,0.0008,-3.03e-06,0.0025,46,0,50,3.6
948,0.0,-3.02e-06,0.0025,46,0,50,3.6
949,0.0004,-3.01e-06,0.0025,46,0,50,3.6
950,0.0004,-3e-06,0.0025,46,0,50,3.6
951,0.0004,-2.99e-06,0.0025,46,0,50,3.6
952,0.0,-2.9800000000000003e-06,0.0025,46,0,50,3.6
953,0.0,-2.9700000000000004e-06,0.0025,46,0,50,3.6
954,0.0,-2.9600000000000005e-06,0.0025,46,0,50,3.6
955,-0.0004,-2.9500000000000006e-06,0.0025,46,0,50,3.6
956,0.0008,-2.9400000000000007e-06,0.0025,46,0,50,3.6
957,0.0008,-2.9300000000000007e-06,0.0025,46,0,50,3.6
958,0.0008,-2.920000000000001e-06,0.0025,46,0,50,3.6
959,0.0004,-2.910000000000001e-06,0.0025,46,0,50,3.6
960,0.0008,-2.900000000000001e-06,0.0025,46,0,50,3.6
961,0.0004,-2.890000000000001e-06,0.0025,46,0,50,3.6
962,0.0,-2.8800000000000012e-06,0.0025,46,0,50,3.6
963,-0.0004,-2.8699999999999996e-06,0.0025,46,0,50,3.6
964,0.0008,-2.8599999999999997e-06,0.0025,46,0,50,3.6
965,0.0008,-2.85e-06,0.0025,46,0,50,3.6
966,0.002,-2.84e-06,0.0025,46,0,50,3.6
967,0.0012000000000000001,-2.83e-06,0.0025,46,0,50,3.6
968,0.0016,-2.82e-06,0.0025,46,0,50,3.6
969,0.0012000000000000001,-2.81e-06,0.0025,46,0,50,3.6
970,0.0004,-2.8000000000000003e-06,0.0025,46,0,50,3.6
971,0.0,-2.7900000000000004e-06,0.0025,46,0,50,3.6
972,0.0004,-2.7800000000000005e-06,0.0025,46,0,50,3.6
973,0.0,-2.7700000000000006e-06,0.0025,46,0,50,3.6
974,0.0004,-2.7600000000000007e-06,0.0025,46,0,50,3.6
975,0.0,-2.7500000000000008e-06,0.0025,46,0,50,3.6
976,0.0004,-2.740000000000001e-06,0.0025,46,0,50,3.6
977,0.0008,-2.730000000000001e-06,0.0025,46,0,50,3.6
978,0.0,-2.720000000000001e-06,0.0025,46,0,50,3.6
979,0.0,-2.710000000000001e-06,0.0025,46,0,50,3.6
980,0.0,-2.6999999999999996e-06,0.0025,46,0,50,3.6
981,0.0012000000000000001,-2.6899999999999997e-06,0.0025,46,0,50,3.6
982,0.0004,-2.6799999999999998e-06,0.0025,46,0,50,3.6
983,0.0004,-2.67e-06,0.0025,46,0,50,3.6
984,0.0008,-2.66e-06,0.0025,46,0,50,3.6
985,0.0008,-2.65e-06,0.0025,46,0,50,3.6
986,0.0008,-2.64e-06,0.0025,46,0,50,3.6
987,0.0012000000000000001,-2.6300000000000002e-06,0.0025,46,0,50,3.6
988,0.0,-2.6200000000000003e-06,0.0025,46,0,50,3.6
989,0.0008,-2.6100000000000004e-06,0.0025,46,0,50,3.6
990,0.0008,-2.6000000000000005e-06,0.0025,46,0,50,3.6
991,0.0,-2.5900000000000006e-06,0.0025,46,0,50,3.6
992,0.0004,-2.5800000000000007e-06,0.0025,46,0,50,3.6
993,-0.0008,-2.570000000000001e-06,0.0025,46,0,50,3.6
994,-0.0004,-2.560000000000001e-06,0.0025,46,0,50,3.6
995,0.0,-2.550000000000001e-06,0.0025,46,0,50,3.6
996,-0.0008,-2.540000000000001e-06,0.0025,46,0,50,3.6
997,-0.0004,-2.530000000000001e-06,0.0025,46,0,50,3.6
998,0.0012000000000000001,-2.5199999999999996e-06,0.0025,46,0,50,3.6
999,0.0004,-2.5099999999999997e-06,0.0025,46,0,50,3.6
1000,0.0004,-2.4999999999999998e-06,0.0025,46,0,50,3.6
1001,0.0004,-2.49e-06,0.0025,46,0,50,3.6
1002,0.0008,-2.48e-06,0.0025,46,0,50,3.6
1003,0.0004,-2.47e-06,0.0025,46,0,50,3.6
1004,0.0004,-2.46e-06,0.0025,46,0,50,3.6
1005,0.0004,-2.4500000000000003e-06,0.0025,46,0,50,3.6
1006,0.0,-2.4400000000000004e-06,0.0025,46,0,50,3.6
1007,0.002,-2.4300000000000005e-06,0.0025,46,0,50,3.6
1008,0.0012000000000000001,-2.4200000000000005e-06,0.0025,46,0,50,3.6
1009,0.002,-2.4100000000000006e-06,0.0025,46,0,50,3.6
1010,0.0012000000000000001,-2.4000000000000007e-06,0.0025,46,0,50,3.6
1011,0.0008,-2.390000000000001e-06,0.0025,46,0,50,3.6
1012,0.0012000000000000001,-2.380000000000001e-06,0.0025,46,0,50,3.6
1013,0.0012000000000000001,-2.370000000000001e-06,0.0025,46,0,50,3.6
1014,0.0012000000000000001,-2.360000000000001e-06,0.0025,46,0,50,3.6
1015,0.0016,-2.3500000000000012e-06,0.0025,46,0,50,3.6
1016,0.0016,-2.3399999999999996e-06,0.0025,46,0,50,3.6
1017,0.0024000000000000002,-2.3299999999999997e-06,0.0025,46,0,50,3.6
1018,0.002,-2.32e-06,0.0025,46,0,50,3.6
1019,0.002,-2.31e-06,0.0025,46,0,50,3.6
1020,0.0008,-2.3e-06,0.0025,46,0,50,3.6
1021,0.0008,-2.29e-06,0.0025,46,0,50,3.6
1022,0.0008,-2.28e-06,0.0025,46,0,50,3.6
1023,0.0008,-2.2700000000000003e-06,0.0025,46,0,50,3.6
1024,0.0016,-2.2600000000000004e-06,0.0025,46,0,50,3.6
1025,0.0012000000000000001,-2.2500000000000005e-06,0.0025,46,0,50,3.6
1026,0.0012000000000000001,-2.2400000000000006e-06,0.0025,46,0,50,3.6
1027,0.0012000000000000001,-2.2300000000000007e-06,0.0025,46,0,50,3.6
1028,0.0016,-2.2200000000000008e-06,0.0025,46,0,50,3.6
1029,0.0012000000000000001,-2.210000000000001e-06,0.0025,46,0,50,3.6
1030,0.0004,-2.200000000000001e-06,0.0025,46,0,50,3.6
1031,0.0012000000000000001,-2.190000000000001e-06,0.0025,46,0,50,3.6
1032,0.0012000000000000001,-2.180000000000001e-06,0.0025,46,0,50,3.6
1033,0.0024000000000000002,-2.1699999999999996e-06,0.0025,46,0,50,3.6
1034,0.0008,-2.1599999999999996e-06,0.0025,46,0,50,3.6
1035,0.0012000000000000001,-2.1499999999999997e-06,0.0025,46,0,50,3.6
1036,0.0,-2.14e-06,0.0025,46,0,50,3.6
1037,0.0012000000000000001,-2.13e-06,0.0025,46,0,50,3.6
1038,0.0012000000000000001,-2.12e-06,0.0025,46,0,50,3.6
1039,0.0012000000000000001,-2.11e-06,0.0025,46,0,50,3.6
1040,0.0024000000000000002,-2.1000000000000002e-06,0.0025,46,0,50,3.6
1041,0.002,-2.0900000000000003e-06,0.0025,46,0,50,3.6
1042,0.0012000000000000001,-2.0800000000000004e-06,0.0025,46,0,50,3.6
1043,0.0008,-2.0700000000000005e-06,0.0025,46,0,50,3.6
1044,0.0004,-2.0600000000000006e-06,0.0025,46,0,50,3.6
1045,0.0004,-2.0500000000000007e-06,0.0025,46,0,50,3.6
1046,0.0004,-2.040000000000001e-06,0.0025,46,0,50,3.6
1047,0.0004,-2.030000000000001e-06,0.0025,46,0,50,3.6
1048,0.002,-2.020000000000001e-06,0.0025,46,0,50,3.6
1049,0.0016,-2.010000000000001e-06,0.0025,46,0,50,3.6
1050,0.0016,-2.000000000000001e-06,0.0025,46,0,50,3.6
1051,0.0008,-1.9899999999999996e-06,0.0025,46,0,50,3.6
1052,0.0008,-1.9799999999999997e-06,0.0025,46,0,50,3.6
1053,0.0,-1.9699999999999998e-06,0.0025,46,0,50,3.6
1054,-0.0004,-1.96e-06,0.0025,46,0,50,3.6
1055,0.0008,-1.95e-06,0.0025,46,0,50,3.6
1056,0.0008,-1.94e-06,0.0025,46,0,50,3.6
1057,0.0008,-1.93e-06,0.0025,46,0,50,3.6
1058,0.0004,-1.9200000000000003e-06,0.0025,46,0,50,3.6
1059,0.0016,-1.9100000000000003e-06,0.0025,46,0,50,3.6
1060,0.0008,-1.9000000000000004e-06,0.0025,46,0,50,3.6
1061,0.0004,-1.8900000000000005e-06,0.0025,46,0,50,3.6
1062,-0.0008,-1.8800000000000006e-06,0.0025,46,0,50,3.6
1063,0.0004,-1.8700000000000007e-06,0.0025,46,0,50,3.6
1064,0.0,-1.8600000000000008e-06,0.0025,46,0,50,3.6
1065,0.0008,-1.850000000000001e-06,0.0025,46,0,50,3.6
1066,0.0008,-1.840000000000001e-06,0.0025,46,0,50,3.6
1067,0.0008,-1.8300000000000011e-06,0.0025,46,0,50,3.6
1068,0.0012000000000000001,-1.8200000000000012e-06,0.0025,46,0,50,3.6
1069,0.0008,-1.8099999999999996e-06,0.0025,46,0,50,3.6
1070,0.0008,-1.7999999999999997e-06,0.0025,46,0,50,3.6
1071,0.0012000000000000001,-1.7899999999999998e-06,0.0025,46,0,50,3.6
1072,-0.0004,-1.78e-06,0.0025,46,0,50,3.6
1073,0.0,-1.77e-06,0.0025,46,0,50,3.6
1074,-0.0004,-1.76e-06,0.0025,46,0,50,3.6
1075,0.0004,-1.7500000000000002e-06,0.0025,46,0,50,3.6
1076,0.0004,-1.7400000000000003e-06,0.0025,46,0,50,3.6
1077,-0.0004,-1.7300000000000004e-06,0.0025,46,0,50,3.6
1078,0.0008,-1.7200000000000005e-06,0.0025,46,0,50,3.6
1079,0.0008,-1.7100000000000006e-06,0.0025,46,0,50,3.6
1080,0.0004,-1.7000000000000007e-06,0.0025,46,0,50,3.6
1081,0.0012000000000000001,-1.6900000000000008e-06,0.0025,46,0,50,3.6
1082,0.0008,-1.6800000000000009e-06,0.0025,46,0,50,3.6
1083,0.0008,-1.670000000000001e-06,0.0025,46,0,50,3.6
1084,0.0008,-1.660000000000001e-06,0.0025,46,0,50,3.6
1085,0.0004,-1.6500000000000011e-06,0.0025,46,0,50,3.6
1086,-0.0004,-1.6399999999999995e-06,0.0025,46,0,50,3.6
1087,0.0,-1.6299999999999996e-06,0.0025,46,0,50,3.6
1088,0.0008,-1.6199999999999997e-06,0.0025,46,0,50,3.6
1089,0.0008,-1.6099999999999998e-06,0.0025,46,0,50,3.6
1090,0.0016,-1.6e-06,0.0025,46,0,50,3.6
1091,0.0012000000000000001,-1.59e-06,0.0025,46,0,50,3.6
1092,0.0012000000000000001,-1.5800000000000001e-06,0.0025,46,0,50,3.6
1093,0.0016,-1.5700000000000002e-06,0.0025,46,0,50,3.6
1094,0.0,-1.5600000000000003e-06,0.0025,46,0,50,3.6
1095,-0.0008,-1.5500000000000004e-06,0.0025,46,0,50,3.6
1096,0.0,-1.5400000000000005e-06,0.0025,46,0,50,3.6
1097,0.0004,-1.5300000000000006e-06,0.0025,46,0,50,3.6
1098,0.0012000000000000001,-1.5200000000000007e-06,0.0025,46,0,50,3.6
1099,0.0012000000000000001,-1.5100000000000008e-06,0.0025,46,0,50,3.6
1100,0.0012000000000000001,-1.5000000000000009e-06,0.0025,46,0,50,3.6
1101,0.0012000000000000001,-1.490000000000001e-06,0.0025,46,0,50,3.6
1102,0.0012000000000000001,-1.480000000000001e-06,0.0025,46,0,50,3.6
1103,0.0008,-1.4700000000000012e-06,0.0025,46,0,50,3.6
1104,0.0004,-1.4599999999999996e-06,0.0025,46,0,50,3.6
1105,0.0004,-1.4499999999999997e-06,0.0025,46,0,50,3.6
1106,0.0024000000000000002,-1.4399999999999998e-06,0.0025,46,0,50,3.6
1107,0.0012000000000000001,-1.4299999999999999e-06,0.0025,46,0,50,3.6
1108,0.0016,-1.42e-06,0.0025,46,0,50,3.6
1109,0.0016,-1.41e-06,0.0025,46,0,50,3.6
1110,0.0008,-1.4000000000000001e-06,0.0025,46,0,50,3.6
1111,0.0012000000000000001,-1.3900000000000002e-06,0.0025,46,0,50,3.6
1112,0.0008,-1.3800000000000003e-06,0.0025,46,0,50,3.6
1113,0.0016,-1.3700000000000004e-06,0.0025,46,0,50,3.6
1114,0.0012000000000000001,-1.3600000000000005e-06,0.0025,46,0,50,3.6
1115,0.0012000000000000001,-1.3500000000000006e-06,0.0025,46,0,50,3.6
1116,0.0008,-1.3400000000000007e-06,0.0025,46,0,50,3.6
1117,0.0008,-1.3300000000000008e-06,0.0025,46,0,50,3.6
1118,0.0008,-1.320000000000001e-06,0.0025,46,0,50,3.6
1119,0.0008,-1.310000000000001e-06,0.0025,46,0,50,3.6
1120,0.0008,-1.300000000000001e-06,0.0025,46,0,50,3.6
1121,0.0008,-1.2900000000000012e-06,0.0025,46,0,50,3.6
1122,0.0012000000000000001,-1.2799999999999996e-06,0.0025,46,0,50,3.6
1123,0.0008,-1.2699999999999997e-06,0.0025,46,0,50,3.6
1124,0.002,-1.2599999999999998e-06,0.0025,46,0,50,3.6
1125,0.0012000000000000001,-1.2499999999999999e-06,0.0025,46,0,50,3.6
1126,0.0008,-1.24e-06,0.0025,46,0,50,3.6
1127,0.0,-1.23e-06,0.0025,46,0,50,3.6
1128,0.0,-1.2200000000000002e-06,0.0025,46,0,50,3.6
1129,0.0008,-1.2100000000000003e-06,0.0025,46,0,50,3.6
1130,0.0012000000000000001,-1.2000000000000004e-06,0.0025,46,0,50,3.6
1131,0.0016,-1.1900000000000005e-06,0.0025,46,0,50,3.6
1132,0.0016,-1.1800000000000006e-06,0.0025,46,0,50,3.6
1133,0.0016,-1.1700000000000007e-06,0.0025,46,0,50,3.6
1134,0.0004,-1.1600000000000008e-06,0.0025,46,0,50,3.6
1135,0.0004,-1.1500000000000008e-06,0.0025,46,0,50,3.6
1136,0.0012000000000000001,-1.140000000000001e-06,0.0025,46,0,50,3.6
1137,0.0012000000000000001,-1.130000000000001e-06,0.0025,46,0,50,3.6
1138,0.0012000000000000001,-1.1200000000000011e-06,0.0025,46,0,50,3.6
1139,0.0016,-1.1099999999999995e-06,0.0025,46,0,50,3.6
1140,0.0016,-1.0999999999999996e-06,0.0025,46,0,50,3.6
1141,0.0024000000000000002,-1.0899999999999997e-06,0.0025,46,0,50,3.6
1142,0.002,-1.0799999999999998e-06,0.0025,46,0,50,3.6
1143,0.002,-1.07e-06,0.0025,46,0,50,3.6
1144,0.0008,-1.06e-06,0.0025,46,0,50,3.6
1145,0.0008,-1.0500000000000001e-06,0.0025,46,0,50,3.6
1146,0.0004,-1.0400000000000002e-06,0.0025,46,0,50,3.6
1147,0.0012000000000000001,-1.0300000000000003e-06,0.0025,46,0,50,3.6
1148,0.0008,-1.0200000000000004e-06,0.0025,46,0,50,3.6
1149,0.0012000000000000001,-1.0100000000000005e-06,0.0025,46,0,50,3.6
1150,0.0012000000000000001,-1.0000000000000006e-06,0.0025,46,0,50,3.6
1151,0.0012000000000000001,-9.900000000000007e-07,0.0025,46,0,50,3.6
1152,0.0012000000000000001,-9.800000000000008e-07,0.0025,46,0,50,3.6
1153,0.0012000000000000001,-9.700000000000009e-07,0.0025,46,0,50,3.6
1154,0.0008,-9.60000000000001e-07,0.0025,46,0,50,3.6
1155,0.0008,-9.500000000000011e-07,0.0025,46,0,50,3.6
1156,0.0008,-9.400000000000012e-07,0.0025,46,0,50,3.6
1157,0.0012000000000000001,-9.299999999999996e-07,0.0025,46,0,50,3.6
1158,0.0016,-9.199999999999997e-07,0.0025,46,0,50,3.6
1159,0.0008,-9.099999999999998e-07,0.0025,46,0,50,3.6
1160,0.0,-8.999999999999999e-07,0.0025,46,0,50,3.6
1161,0.0,-8.9e-07,0.0025,46,0,50,3.6
1162,0.0012000000000000001,-8.8e-07,0.0025,46,0,50,3.6
1163,0.0004,-8.700000000000001e-07,0.0025,46,0,50,3.6
1164,0.0012000000000000001,-8.600000000000002e-07,0.0025,46,0,50,3.6
1165,0.0004,-8.500000000000003e-07,0.0025,46,0,50,3.6
1166,0.0008,-8.400000000000004e-07,0.0025,46,0,50,3.6
1167,0.0,-8.300000000000005e-07,0.0025,46,0,50,3.6
1168,-0.0004,-8.200000000000006e-07,0.0025,46,0,50,3.6
1169,0.0,-8.100000000000007e-07,0.0025,46,0,50,3.6
1170,0.0,-8.000000000000008e-07,0.0025,46,0,50,3.6
1171,0.0,-7.900000000000009e-07,0.0025,46,0,50,3.6
1172,0.0004,-7.80000000000001e-07,0.0025,46,0,50,3.6
1173,0.0004,-7.700000000000011e-07,0.0025,46,0,50,3.6
1174,0.0008,-7.600000000000012e-07,0.0025,46,0,50,3.6
1175,0.0012000000000000001,-7.499999999999996e-07,0.0025,46,0,50,3.6
1176,0.0004,-7.399999999999997e-07,0.0025,46,0,50,3.6
1177,0.0004,-7.299999999999998e-07,0.0025,46,0,50,3.6
1178,-0.0004,-7.199999999999999e-07,0.0025,46,0,50,3.6
1179,0.0,-7.1e-07,0.0025,46,0,50,3.6
1180,0.0004,-7.000000000000001e-07,0.0025,46,0,50,3.6
1181,0.0008,-6.900000000000002e-07,0.0025,46,0,50,3.6
1182,0.0012000000000000001,-6.800000000000003e-07,0.0025,46,0,50,3.6
1183,0.0012000000000000001,-6.700000000000004e-07,0.0025,46,0,50,3.6
1184,0.0004,-6.600000000000005e-07,0.0025,46,0,50,3.6
1185,0.0008,-6.500000000000006e-07,0.0025,46,0,50,3.6
1186,-0.0004,-6.400000000000006e-07,0.0025,46,0,50,3.6
1187,-0.0004,-6.300000000000007e-07,0.0025,46,0,50,3.6
1188,0.0,-6.200000000000008e-07,0.0025,46,0,50,3.6
1189,0.0008,-6.100000000000009e-07,0.0025,46,0,50,3.6
1190,0.0008,-6.00000000000001e-07,0.0025,46,0,50,3.6
1191,-0.0004,-5.900000000000011e-07,0.0025,46,0,50,3.6
1192,0.0012000000000000001,-5.799999999999995e-07,0.0025,46,0,50,3.6
1193,0.0,-5.699999999999996e-07,0.0025,46,0,50,3.6
1194,0.0012000000000000001,-5.599999999999997e-07,0.0025,46,0,50,3.6
1195,0.0012000000000000001,-5.499999999999998e-07,0.0025,46,0,50,3.6
1196,0.0004,-5.399999999999999e-07,0.0025,46,0,50,3.6
1197,0.0004,-5.3e-07,0.0025,46,0,50,3.6
1198,0.0012000000000000001,-5.200000000000001e-07,0.0025,46,0,50,3.6
1199,0.0004,-5.100000000000002e-07,0.0025,46,0,50,3.6
1200,0.0008,-5.000000000000003e-07,0.0025,46,0,50,3.6
1201,0.0008,-4.900000000000004e-07,0.0025,46,0,50,3.6
1202,0.0004,-4.800000000000005e-07,0.0025,46,0,50,3.6
1203,0.0008,-4.700000000000006e-07,0.0025,46,0,50,3.6
1204,0.0004,-4.600000000000007e-07,0.0025,46,0,50,3.6
1205,0.0016,-4.500000000000008e-07,0.0025,46,0,50,3.6
1206,0.0012000000000000001,-4.4000000000000087e-07,0.0025,46,0,50,3.6
1207,0.0012000000000000001,-4.3000000000000097e-07,0.0025,46,0,50,3.6
1208,0.0004,-4.2000000000000106e-07,0.0025,46,0,50,3.6
1209,0.0,-4.1000000000000116e-07,0.0025,46,0,50,3.6
1210,0.0008,-3.9999999999999956e-07,0.0025,46,0,50,3.6
1211,0.0,-3.8999999999999965e-07,0.0025,46,0,50,3.6
1212,0.0008,-3.7999999999999975e-07,0.0025,46,0,50,3.6
1213,0.0012000000000000001,-3.6999999999999985e-07,0.0025,46,0,50,3.6
1214,0.002,-3.5999999999999994e-07,0.0025,46,0,50,3.6
1215,0.0024000000000000002,-3.5000000000000004e-07,0.0025,46,0,50,3.6
1216,0.0016,-3.4000000000000013e-07,0.0025,46,0,50,3.6
1217,0.0012000000000000001,-3.3000000000000023e-07,0.0025,46,0,50,3.6
1218,-0.0008,-3.200000000000003e-07,0.0025,46,0,50,3.6
1219,-0.0004,-3.100000000000004e-07,0.0025,46,0,50,3.6
1220,0.0016,-3.000000000000005e-07,0.0025,46,0,50,3.6
1221,0.0004,-2.900000000000006e-07,0.0025,46,0,50,3.6
1222,0.0016,-2.800000000000007e-07,0.0025,46,0,50,3.6
1223,0.0016,-2.700000000000008e-07,0.0025,46,0,50,3.6
1224,0.0016,-2.600000000000009e-07,0.0025,46,0,50,3.6
1225,0.002,-2.50000000000001e-07,0.0025,46,0,50,3.6
1226,0.0016,-2.400000000000011e-07,0.0025,46,0,50,3.6
1227,0.0012000000000000001,-2.3000000000000119e-07,0.0025,46,0,50,3.6
1228,0.0004,-2.199999999999996e-07,0.0025,46,0,50,3.6
1229,0.0008,-2.0999999999999968e-07,0.0025,46,0,50,3.6
1230,0.0016,-1.9999999999999978e-07,0.0025,46,0,50,3.6
1231,0.002,-1.8999999999999987e-07,0.0025,46,0,50,3.6
1232,0.0016,-1.7999999999999997e-07,0.0025,46,0,50,3.6
1233,0.002,-1.7000000000000007e-07,0.0025,46,0,50,3.6
1234,0.0016,-1.6000000000000016e-07,0.0025,46,0,50,3.6
1235,0.0016,-1.5000000000000026e-07,0.0025,46,0,50,3.6
1236,0.0016,-1.4000000000000035e-07,0.0025,46,0,50,3.6
1237,0.0008,-1.3000000000000045e-07,0.0025,46,0,50,3.6
1238,0.0008,-1.2000000000000055e-07,0.0025,46,0,50,3.6
1239,0.0008,-1.1000000000000064e-07,0.0025,46,0,50,3.6
1240,0.0012000000000000001,-1.0000000000000074e-07,0.0025,46,0,50,3.6
1241,0.0008,-9.000000000000083e-08,0.0025,46,0,50,3.6
1242,0.0004,-8.000000000000093e-08,0.0025,46,0,50,3.6
1243,0.0012000000000000001,-7.000000000000102e-08,0.0025,46,0,50,3.6
1244,0.0012000000000000001,-6.000000000000112e-08,0.0025,46,0,50,3.6
1245,0.0008,-4.999999999999952e-08,0.0025,46,0,50,3.6
1246,0.0016,-3.999999999999962e-08,0.0025,46,0,50,3.6
1247,0.0008,-2.999999999999971e-08,0.0025,46,0,50,3.6
1248,0.0016,-1.999999999999981e-08,0.0025,46,0,50,3.6
1249,0.0012000000000000001,-9.999999999999904e-09,0.0025,46,0,50,3.6
1250,0.0008,0.0,0.0025,46,0,50,3.6
1251,0.0004,9.999999999999904e-09,0.0025,46,0,50,3.6
1252,0.0008,1.999999999999981e-08,0.0025,46,0,50,3.6
1253,0.0016,2.999999999999971e-08,0.0025,46,0,50,3.6
1254,0.0016,3.999999999999962e-08,0.0025,46,0,50,3.6
1255,-0.0164,4.999999999999952e-08,0.0025,46,0,50,3.6
1256,-0.0092,5.999999999999943e-08,0.0025,46,0,50,3.6
1257,0.0064,6.999999999999933e-08,0.0025,46,0,50,3.6
1258,0.0,7.999999999999923e-08,0.0025,46,0,50,3.6
1259,0.0,8.999999999999914e-08,0.0025,46,0,50,3.6
1260,0.0004,9.999999999999904e-08,0.0025,46,0,50,3.6
1261,-0.0008,1.0999999999999895e-07,0.0025,46,0,50,3.6
1262,-0.0004,1.1999999999999885e-07,0.0025,46,0,50,3.6
1263,0.0004,1.3000000000000045e-07,0.0025,46,0,50,3.6
1264,0.0004,1.4000000000000035e-07,0.0025,46,0,50,3.6
1265,0.0008,1.5000000000000026e-07,0.0025,46,0,50,3.6
1266,0.0004,1.6000000000000016e-07,0.0025,46,0,50,3.6
1267,0.0008,1.7000000000000007e-07,0.0025,46,0,50,3.6
1268,-0.0004,1.7999999999999997e-07,0.0025,46,0,50,3.6
1269,-0.0004,1.8999999999999987e-07,0.0025,46,0,50,3.6
1270,-0.0008,1.9999999999999978e-07,0.0025,46,0,50,3.6
1271,-0.0004,2.0999999999999968e-07,0.0025,46,0,50,3.6
1272,0.0004,2.199999999999996e-07,0.0025,46,0,50,3.6
1273,0.0012000000000000001,2.299999999999995e-07,0.0025,46,0,50,3.6
1274,0.0012000000000000001,2.399999999999994e-07,0.0025,46,0,50,3.6
1275,0.0008,2.499999999999993e-07,0.0025,46,0,50,3.6
1276,0.0012000000000000001,2.599999999999992e-07,0.0025,46,0,50,3.6
1277,0.0004,2.699999999999991e-07,0.0025,46,0,50,3.6
1278,0.0004,2.79999999999999e-07,0.0025,46,0,50,3.6
1279,0.0,2.899999999999989e-07,0.0025,46,0,50,3.6
1280,0.0004,2.999999999999988e-07,0.0025,46,0,50,3.6
1281,0.0004,3.100000000000004e-07,0.0025,46,0,50,3.6
1282,0.0012000000000000001,3.200000000000003e-07,0.0025,46,0,50,3.6
1283,0.0008,3.3000000000000023e-07,0.0025,46,0,50,3.6
1284,0.0004,3.4000000000000013e-07,0.0025,46,0,50,3.6
1285,0.0004,3.5000000000000004e-07,0.0025,46,0,50,3.6
1286,0.0008,3.5999999999999994e-07,0.0025,46,0,50,3.6
1287,0.0004,3.6999999999999985e-07,0.0025,46,0,50,3.6
1288,0.0004,3.7999999999999975e-07,0.0025,46,0,50,3.6
1289,0.0008,3.8999999999999965e-07,0.0025,46,0,50,3.6
1290,0.0,3.9999999999999956e-07,0.0025,46,0,50,3.6
1291,0.0,4.0999999999999946e-07,0.0025,46,0,50,3.6
1292,0.0,4.1999999999999937e-07,0.0025,46,0,50,3.6
1293,0.0008,4.2999999999999927e-07,0.0025,46,0,50,3.6
1294,0.0008,4.399999999999992e-07,0.0025,46,0,50,3.6
1295,0.0004,4.499999999999991e-07,0.0025,46,0,50,3.6
1296,0.0004,4.59999999999999e-07,0.0025,46,0,50,3.6
1297,0.0016,4.699999999999989e-07,0.0025,46,0,50,3.6
1298,0.0012000000000000001,4.800000000000005e-07,0.0025,46,0,50,3.6
1299,0.0012000000000000001,4.900000000000004e-07,0.0025,46,0,50,3.6
1300,0.0016,5.000000000000003e-07,0.0025,46,0,50,3.6
1301,0.0008,5.100000000000002e-07,0.0025,46,0,50,3.6
1302,0.0,5.200000000000001e-07,0.0025,46,0,50,3.6
1303,0.0,5.3e-07,0.0025,46,0,50,3.6
1304,0.0008,5.399999999999999e-07,0.0025,46,0,50,3.6
1305,0.0004,5.499999999999998e-07,0.0025,46,0,50,3.6
1306,0.0012000000000000001,5.599999999999997e-07,0.0025,46,0,50,3.6
1307,0.0012000000000000001,5.699999999999996e-07,0.0025,46,0,50,3.6
1308,0.0,5.799999999999995e-07,0.0025,46,0,50,3.6
1309,0.0,5.899999999999994e-07,0.0025,46,0,50,3.6
1310,-0.0004,5.999999999999993e-07,0.0025,46,0,50,3.6
1311,0.0004,6.099999999999992e-07,0.0025,46,0,50,3.6
1312,0.0,6.199999999999991e-07,0.0025,46,0,50,3.6
1313,0.0004,6.29999999999999e-07,0.0025,46,0,50,3.6
1314,0.0016,6.39999999999999e-07,0.0025,46,0,50,3.6
1315,0.0008,6.499999999999989e-07,0.0025,46,0,50,3.6
1316,0.0008,6.600000000000005e-07,0.0025,46,0,50,3.6
1317,0.0008,6.700000000000004e-07,0.0025,46,0,50,3.6
1318,0.0008,6.800000000000003e-07,0.0025,46,0,50,3.6
1319,0.0012000000000000001,6.900000000000002e-07,0.0025,46,0,50,3.6
1320,0.0004,7.000000000000001e-07,0.0025,46,0,50,3.6
1321,0.0016,7.1e-07,0.0025,46,0,50,3.6
1322,0.0012000000000000001,7.199999999999999e-07,0.0025,46,0,50,3.6
1323,0.0012000000000000001,7.299999999999998e-07,0.0025,46,0,50,3.6
1324,0.0008,7.399999999999997e-07,0.0025,46,0,50,3.6
1325,0.0016,7.499999999999996e-07,0.0025,46,0,50,3.6
1326,0.0008,7.599999999999995e-07,0.0025,46,0,50,3.6
1327,0.0012000000000000001,7.699999999999994e-07,0.0025,46,0,50,3.6
1328,0.0016,7.799999999999993e-07,0.0025,46,0,50,3.6
1329,0.0016,7.899999999999992e-07,0.0025,46,0,50,3.6
1330,0.0016,7.999999999999991e-07,0.0025,46,0,50,3.6
1331,0.0012000000000000001,8.09999999999999e-07,0.0025,46,0,50,3.6
1332,0.0016,8.199999999999989e-07,0.0025,46,0,50,3.6
1333,0.0008,8.300000000000005e-07,0.0025,46,0,50,3.6
1334,0.0008,8.400000000000004e-07,0.0025,46,0,50,3.6
1335,0.0004,8.500000000000003e-07,0.0025,46,0,50,3.6
1336,0.0012000000000000001,8.600000000000002e-07,0.0025,46,0,50,3.6
1337,0.0016,8.700000000000001e-07,0.0025,46,0,50,3.6
1338,0.0016,8.8e-07,0.0025,46,0,50,3.6
1339,0.0016,8.9e-07,0.0025,46,0,50,3.6
1340,0.0012000000000000001,8.999999999999999e-07,0.0025,46,0,50,3.6
1341,0.0004,9.099999999999998e-07,0.0025,46,0,50,3.6
1342,0.0008,9.199999999999997e-07,0.0025,46,0,50,3.6
1343,0.0004,9.299999999999996e-07,0.0025,46,0,50,3.6
1344,-0.0004,9.399999999999995e-07,0.0025,46,0,50,3.6
1345,0.0012000000000000001,9.499999999999994e-07,0.0025,46,0,50,3.6
1346,0.0004,9.599999999999993e-07,0.0025,46,0,50,3.6
1347,0.0012000000000000001,9.699999999999992e-07,0.0025,46,0,50,3.6
1348,0.0012000000000000001,9.79999999999999e-07,0.0025,46,0,50,3.6
1349,0.0012000000000000001,9.89999999999999e-07,0.0025,46,0,50,3.6
1350,0.0008,9.99999999999999e-07,0.0025,46,0,50,3.6
1351,0.0012000000000000001,1.0100000000000005e-06,0.0025,46,0,50,3.6
1352,0.0012000000000000001,1.0200000000000004e-06,0.0025,46,0,50,3.6
1353,0.0004,1.0300000000000003e-06,0.0025,46,0,50,3.6
1354,0.0,1.0400000000000002e-06,0.0025,46,0,50,3.6
1355,0.0012000000000000001,1.0500000000000001e-06,0.0025,46,0,50,3.6
1356,0.0012000000000000001,1.06e-06,0.0025,46,0,50,3.6
1357,0.0016,1.07e-06,0.0025,46,0,50,3.6
1358,0.0012000000000000001,1.0799999999999998e-06,0.0025,46,0,50,3.6
1359,0.0,1.0899999999999997e-06,0.0025,46,0,50,3.6
1360,0.0008,1.0999999999999996e-06,0.0025,46,0,50,3.6
1361,0.0008,1.1099999999999995e-06,0.0025,46,0,50,3.6
1362,0.0004,1.1199999999999994e-06,0.0025,46,0,50,3.6
1363,0.0,1.1299999999999993e-06,0.0025,46,0,50,3.6
1364,0.0012000000000000001,1.1399999999999992e-06,0.0025,46,0,50,3.6
1365,0.0,1.1499999999999992e-06,0.0025,46,0,50,3.6
1366,0.0008,1.159999999999999e-06,0.0025,46,0,50,3.6
1367,0.0008,1.169999999999999e-06,0.0025,46,0,50,3.6
1368,0.0016,1.1799999999999989e-06,0.0025,46,0,50,3.6
1369,0.0008,1.1900000000000005e-06,0.0025,46,0,50,3.6
1370,0.0008,1.2000000000000004e-06,0.0025,46,0,50,3.6
1371,0.002,1.2100000000000003e-06,0.0025,46,0,50,3.6
1372,0.0012000000000000001,1.2200000000000002e-06,0.0025,46,0,50,3.6
1373,0.0008,1.23e-06,0.0025,46,0,50,3.6
1374,0.0012000000000000001,1.24e-06,0.0025,46,0,50,3.6
1375,0.0008,1.2499999999999999e-06,0.0025,46,0,50,3.6
1376,0.0008,1.2599999999999998e-06,0.0025,46,0,50,3.6
1377,0.0012000000000000001,1.2699999999999997e-06,0.0025,46,0,50,3.6
1378,0.0008,1.2799999999999996e-06,0.0025,46,0,50,3.6
1379,0.0016,1.2899999999999995e-06,0.0025,46,0,50,3.6
1380,0.0016,1.2999999999999994e-06,0.0025,46,0,50,3.6
1381,0.0008,1.3099999999999993e-06,0.0025,46,0,50,3.6
1382,0.0,1.3199999999999992e-06,0.0025,46,0,50,3.6
1383,0.0004,1.3299999999999991e-06,0.0025,46,0,50,3.6
1384,-0.0016,1.339999999999999e-06,0.0025,46,0,50,3.6
1385,-0.0012000000000000001,1.349999999999999e-06,0.0025,46,0,50,3.6
1386,0.0,1.3600000000000005e-06,0.0025,46,0,50,3.6
1387,0.0004,1.3700000000000004e-06,0.0025,46,0,50,3.6
1388,0.0012000000000000001,1.3800000000000003e-06,0.0025,46,0,50,3.6
1389,0.0012000000000000001,1.3900000000000002e-06,0.0025,46,0,50,3.6
1390,0.0012000000000000001,1.4000000000000001e-06,0.0025,46,0,50,3.6
1391,-0.0004,1.41e-06,0.0025,46,0,50,3.6
1392,-0.0004,1.42e-06,0.0025,46,0,50,3.6
1393,-0.0008,1.4299999999999999e-06,0.0025,46,0,50,3.6
1394,-0.0004,1.4399999999999998e-06,0.0025,46,0,50,3.6
1395,-0.0004,1.4499999999999997e-06,0.0025,46,0,50,3.6
1396,0.0004,1.4599999999999996e-06,0.0025,46,0,50,3.6
1397,-0.0008,1.4699999999999995e-06,0.0025,46,0,50,3.6
1398,0.0008,1.4799999999999994e-06,0.0025,46,0,50,3.6
1399,0.0008,1.4899999999999993e-06,0.0025,46,0,50,3.6
1400,0.0012000000000000001,1.4999999999999992e-06,0.0025,46,0,50,3.6
1401,0.0004,1.509999999999999e-06,0.0025,46,0,50,3.6
1402,0.0008,1.519999999999999e-06,0.0025,46,0,50,3.6
1403,0.0004,1.529999999999999e-06,0.0025,46,0,50,3.6
1404,0.0004,1.5400000000000005e-06,0.0025,46,0,50,3.6
1405,0.0004,1.5500000000000004e-06,0.0025,46,0,50,3.6
1406,-0.0004,1.5600000000000003e-06,0.0025,46,0,50,3.6
1407,0.0004,1.5700000000000002e-06,0.0025,46,0,50,3.6
1408,0.0008,1.5800000000000001e-06,0.0025,46,0,50,3.6
1409,-0.0008,1.59e-06,0.0025,46,0,50,3.6
1410,0.0008,1.6e-06,0.0025,46,0,50,3.6
1411,0.0008,1.6099999999999998e-06,0.0025,46,0,50,3.6
1412,0.0,1.6199999999999997e-06,0.0025,46,0,50,3.6
1413,0.0008,1.6299999999999996e-06,0.0025,46,0,50,3.6
1414,0.0004,1.6399999999999995e-06,0.0025,46,0,50,3.6
1415,0.0008,1.6499999999999994e-06,0.0025,46,0,50,3.6
1416,0.0004,1.6599999999999994e-06,0.0025,46,0,50,3.6
1417,0.0004,1.6699999999999993e-06,0.0025,46,0,50,3.6
1418,0.002,1.6799999999999992e-06,0.0025,46,0,50,3.6
1419,0.0012000000000000001,1.689999999999999e-06,0.0025,46,0,50,3.6
1420,0.002,1.699999999999999e-06,0.0025,46,0,50,3.6
1421,0.0024000000000000002,1.7099999999999989e-06,0.0025,46,0,50,3.6
1422,0.002,1.7200000000000005e-06,0.0025,46,0,50,3.6
1423,0.0008,1.7300000000000004e-06,0.0025,46,0,50,3.6
1424,0.0,1.7400000000000003e-06,0.0025,46,0,50,3.6
1425,0.0,1.7500000000000002e-06,0.0025,46,0,50,3.6
1426,-0.0008,1.76e-06,0.0025,46,0,50,3.6
1427,0.0004,1.77e-06,0.0025,46,0,50,3.6
1428,0.0008,1.78e-06,0.0025,46,0,50,3.6
1429,0.0008,1.7899999999999998e-06,0.0025,46,0,50,3.6
1430,0.002,1.7999999999999997e-06,0.0025,46,0,50,3.6
1431,0.002,1.8099999999999996e-06,0.0025,46,0,50,3.6
1432,0.0012000000000000001,1.8199999999999995e-06,0.0025,46,0,50,3.6
1433,0.0008,1.8299999999999994e-06,0.0025,46,0,50,3.6
1434,0.0004,1.8399999999999993e-06,0.0025,46,0,50,3.6
1435,0.0008,1.8499999999999992e-06,0.0025,46,0,50,3.6
1436,0.0016,1.8599999999999991e-06,0.0025,46,0,50,3.6
1437,0.0016,1.869999999999999e-06,0.0025,46,0,50,3.6
1438,0.002,1.879999999999999e-06,0.0025,46,0,50,3.6
1439,0.002,1.8900000000000005e-06,0.0025,46,0,50,3.6
1440,0.0016,1.9000000000000004e-06,0.0025,46,0,50,3.6
1441,0.0016,1.9100000000000003e-06,0.0025,46,0,50,3.6
1442,0.0012000000000000001,1.9200000000000003e-06,0.0025,46,0,50,3.6
1443,0.0012000000000000001,1.93e-06,0.0025,46,0,50,3.6
1444,0.0008,1.94e-06,0.0025,46,0,50,3.6
1445,0.0008,1.95e-06,0.0025,46,0,50,3.6
1446,0.0016,1.96e-06,0.0025,46,0,50,3.6
1447,0.002,1.9699999999999998e-06,0.0025,46,0,50,3.6
1448,0.0012000000000000001,1.9799999999999997e-06,0.0025,46,0,50,3.6
1449,0.0012000000000000001,1.9899999999999996e-06,0.0025,46,0,50,3.6
1450,0.0012000000000000001,1.9999999999999995e-06,0.0025,46,0,50,3.6
1451,0.0016,2.0099999999999994e-06,0.0025,46,0,50,3.6
1452,0.0008,2.0199999999999993e-06,0.0025,46,0,50,3.6
1453,0.0004,2.029999999999999e-06,0.0025,46,0,50,3.6
1454,0.0016,2.039999999999999e-06,0.0025,46,0,50,3.6
1455,0.0012000000000000001,2.049999999999999e-06,0.0025,46,0,50,3.6
1456,0.0016,2.059999999999999e-06,0.0025,46,0,50,3.6
1457,0.0004,2.0700000000000005e-06,0.0025,46,0,50,3.6
1458,0.0012000000000000001,2.0800000000000004e-06,0.0025,46,0,50,3.6
1459,0.0008,2.0900000000000003e-06,0.0025,46,0,50,3.6
1460,0.0008,2.1000000000000002e-06,0.0025,46,0,50,3.6
1461,0.0016,2.11e-06,0.0025,46,0,50,3.6
1462,0.0008,2.12e-06,0.0025,46,0,50,3.6
1463,0.0008,2.13e-06,0.0025,46,0,50,3.6
1464,0.0008,2.14e-06,0.0025,46,0,50,3.6
1465,0.0,2.1499999999999997e-06,0.0025,46,0,50,3.6
1466,0.0,2.1599999999999996e-06,0.0025,46,0,50,3.6
1467,0.0,2.1699999999999996e-06,0.0025,46,0,50,3.6
1468,-0.0004,2.1799999999999995e-06,0.0025,46,0,50,3.6
1469,0.0016,2.1899999999999994e-06,0.0025,46,0,50,3.6
1470,0.0012000000000000001,2.1999999999999993e-06,0.0025,46,0,50,3.6
1471,0.0012000000000000001,2.209999999999999e-06,0.0025,46,0,50,3.6
1472,0.0004,2.219999999999999e-06,0.0025,46,0,50,3.6
1473,0.0008,2.229999999999999e-06,0.0025,46,0,50,3.6
1474,0.0016,2.239999999999999e-06,0.0025,46,0,50,3.6
1475,0.0004,2.2500000000000005e-06,0.0025,46,0,50,3.6
1476,0.0,2.2600000000000004e-06,0.0025,46,0,50,3.6
1477,0.0004,2.2700000000000003e-06,0.0025,46,0,50,3.6
1478,0.0012000000000000001,2.28e-06,0.0025,46,0,50,3.6
1479,0.0008,2.29e-06,0.0025,46,0,50,3.6
1480,0.0008,2.3e-06,0.0025,46,0,50,3.6
1481,0.0004,2.31e-06,0.0025,46,0,50,3.6
1482,0.0012000000000000001,2.32e-06,0.0025,46,0,50,3.6
1483,0.0004,2.3299999999999997e-06,0.0025,46,0,50,3.6
1484,0.0,2.3399999999999996e-06,0.0025,46,0,50,3.6
1485,0.0,2.3499999999999995e-06,0.0025,46,0,50,3.6
1486,0.0008,2.3599999999999994e-06,0.0025,46,0,50,3.6
1487,0.0012000000000000001,2.3699999999999993e-06,0.0025,46,0,50,3.6
1488,0.0004,2.3799999999999992e-06,0.0025,46,0,50,3.6
1489,0.0016,2.389999999999999e-06,0.0025,46,0,50,3.6
1490,0.0012000000000000001,2.399999999999999e-06,0.0025,46,0,50,3.6
1491,0.0012000000000000001,2.409999999999999e-06,0.0025,46,0,50,3.6
1492,0.0012000000000000001,2.4200000000000005e-06,0.0025,46,0,50,3.6
1493,0.0008,2.4300000000000005e-06,0.0025,46,0,50,3.6
1494,0.0016,2.4400000000000004e-06,0.0025,46,0,50,3.6
1495,0.0008,2.4500000000000003e-06,0.0025,46,0,50,3.6
1496,0.0004,2.46e-06,0.0025,46,0,50,3.6
1497,0.0016,2.47e-06,0.0025,46,0,50,3.6
1498,0.0012000000000000001,2.48e-06,0.0025,46,0,50,3.6
1499,0.0004,2.49e-06,0.0025,46,0,50,3.6
1500,0.0008,2.4999999999999998e-06,0.0025,46,0,50,3.6
1501,0.0004,2.5099999999999997e-06,0.0025,46,0,50,3.6
1502,0.0008,2.5199999999999996e-06,0.0025,46,0,50,3.6
1503,0.0004,2.5299999999999995e-06,0.0025,46,0,50,3.6
1504,0.0012000000000000001,2.5399999999999994e-06,0.0025,46,0,50,3.6
1505,0.0016,2.5499999999999993e-06,0.0025,46,0,50,3.6
1506,0.0004,2.559999999999999e-06,0.0025,46,0,50,3.6
1507,0.0,2.569999999999999e-06,0.0025,46,0,50,3.6
1508,0.0004,2.579999999999999e-06,0.0025,46,0,50,3.6
1509,0.0004,2.589999999999999e-06,0.0025,46,0,50,3.6
1510,0.0008,2.6000000000000005e-06,0.0025,46,0,50,3.6
1511,0.0016,2.6100000000000004e-06,0.0025,46,0,50,3.6
1512,0.0016,2.6200000000000003e-06,0.0025,46,0,50,3.6
1513,0.0012000000000000001,2.6300000000000002e-06,0.0025,46,0,50,3.6
1514,0.0012000000000000001,2.64e-06,0.0025,46,0,50,3.6
1515,0.0,2.65e-06,0.0025,46,0,50,3.6
1516,-0.0004,2.66e-06,0.0025,46,0,50,3.6
1517,0.0004,2.67e-06,0.0025,46,0,50,3.6
1518,0.0,2.6799999999999998e-06,0.0025,46,0,50,3.6
1519,0.0004,2.6899999999999997e-06,0.0025,46,0,50,3.6
1520,0.0004,2.6999999999999996e-06,0.0025,46,0,50,3.6
1521,0.0008,2.7099999999999995e-06,0.0025,46,0,50,3.6
1522,0.0,2.7199999999999994e-06,0.0025,46,0,50,3.6
1523,0.0012000000000000001,2.7299999999999993e-06,0.0025,46,0,50,3.6
1524,0.0004,2.739999999999999e-06,0.0025,46,0,50,3.6
1525,0.0,2.749999999999999e-06,0.0025,46,0,50,3.6
1526,0.0008,2.759999999999999e-06,0.0025,46,0,50,3.6
1527,0.0004,2.7700000000000006e-06,0.0025,46,0,50,3.6
1528,0.0,2.779999999999999e-06,0.0025,46,0,50,3.6
1529,0.0,2.7900000000000004e-06,0.0025,46,0,50,3.6
1530,0.0012000000000000001,2.7999999999999986e-06,0.0025,46,0,50,3.6
1531,0.0,2.81e-06,0.0025,46,0,50,3.6
1532,0.0008,2.8199999999999984e-06,0.0025,46,0,50,3.6
1533,0.0008,2.83e-06,0.0025,46,0,50,3.6
1534,0.0008,2.8399999999999982e-06,0.0025,46,0,50,3.6
1535,0.0012000000000000001,2.85e-06,0.0025,46,0,50,3.6
1536,0.0008,2.8600000000000014e-06,0.0025,46,0,50,3.6
1537,0.0008,2.8699999999999996e-06,0.0025,46,0,50,3.6
1538,0.0004,2.8800000000000012e-06,0.0025,46,0,50,3.6
1539,-0.0004,2.8899999999999994e-06,0.0025,46,0,50,3.6
1540,0.0008,2.900000000000001e-06,0.0025,46,0,50,3.6
1541,0.0004,2.9099999999999992e-06,0.0025,46,0,50,3.6
1542,0.0008,2.920000000000001e-06,0.0025,46,0,50,3.6
1543,0.0012000000000000001,2.929999999999999e-06,0.0025,46,0,50,3.6
1544,0.0012000000000000001,2.9400000000000007e-06,0.0025,46,0,50,3.6
1545,0.0016,2.949999999999999e-06,0.0025,46,0,50,3.6
1546,0.0012000000000000001,2.9600000000000005e-06,0.0025,46,0,50,3.6
1547,0.0004,2.9699999999999987e-06,0.0025,46,0,50,3.6
1548,0.0004,2.9800000000000003e-06,0.0025,46,0,50,3.6
1549,0.0004,2.9899999999999985e-06,0.0025,46,0,50,3.6
1550,0.0008,3e-06,0.0025,46,0,50,3.6
1551,0.0,3.0099999999999983e-06,0.0025,46,0,50,3.6
1552,0.0012000000000000001,3.02e-06,0.0025,46,0,50,3.6
1553,0.0012000000000000001,3.029999999999998e-06,0.0025,46,0,50,3.6
1554,0.0008,3.0399999999999997e-06,0.0025,46,0,50,3.6
1555,0.0016,3.0500000000000013e-06,0.0025,46,0,50,3.6
1556,0.0008,3.0599999999999995e-06,0.0025,46,0,50,3.6
1557,-0.0004,3.070000000000001e-06,0.0025,46,0,50,3.6
1558,0.0,3.0799999999999993e-06,0.0025,46,0,50,3.6
1559,0.0004,3.090000000000001e-06,0.0025,46,0,50,3.6
1560,0.0008,3.099999999999999e-06,0.0025,46,0,50,3.6
1561,0.0004,3.1100000000000007e-06,0.0025,46,0,50,3.6
1562,0.0012000000000000001,3.119999999999999e-06,0.0025,46,0,50,3.6
1563,0.002,3.1300000000000005e-06,0.0025,46,0,50,3.6
1564,0.0012000000000000001,3.1399999999999987e-06,0.0025,46,0,50,3.6
1565,0.0016,3.1500000000000003e-06,0.0025,46,0,50,3.6
1566,0.0012000000000000001,3.1599999999999985e-06,0.0025,46,0,50,3.6
1567,0.0004,3.17e-06,0.0025,46,0,50,3.6
1568,0.0008,3.1799999999999984e-06,0.0025,46,0,50,3.6
1569,0.0004,3.19e-06,0.0025,46,0,50,3.6
1570,0.0012000000000000001,3.199999999999998e-06,0.0025,46,0,50,3.6
1571,0.0008,3.2099999999999998e-06,0.0025,46,0,50,3.6
1572,0.0,3.2200000000000014e-06,0.0025,46,0,50,3.6
1573,0.0008,3.2299999999999996e-06,0.0025,46,0,50,3.6
1574,0.0,3.240000000000001e-06,0.0025,46,0,50,3.6
1575,0.0008,3.2499999999999994e-06,0.0025,46,0,50,3.6
1576,0.0016,3.260000000000001e-06,0.0025,46,0,50,3.6
1577,0.0012000000000000001,3.269999999999999e-06,0.0025,46,0,50,3.6
1578,0.0004,3.2800000000000008e-06,0.0025,46,0,50,3.6
1579,0.0016,3.289999999999999e-06,0.0025,46,0,50,3.6
1580,0.0008,3.3000000000000006e-06,0.0025,46,0,50,3.6
1581,0.0008,3.309999999999999e-06,0.0025,46,0,50,3.6
1582,0.0008,3.3200000000000004e-06,0.0025,46,0,50,3.6
1583,0.0008,3.3299999999999986e-06,0.0025,46,0,50,3.6
1584,0.0,3.34e-06,0.0025,46,0,50,3.6
1585,0.0016,3.3499999999999984e-06,0.0025,46,0,50,3.6
1586,0.0012000000000000001,3.36e-06,0.0025,46,0,50,3.6
1587,0.0012000000000000001,3.3699999999999982e-06,0.0025,46,0,50,3.6
1588,0.0008,3.38e-06,0.0025,46,0,50,3.6
1589,0.0,3.3900000000000014e-06,0.0025,46,0,50,3.6
1590,0.0004,3.3999999999999996e-06,0.0025,46,0,50,3.6
1591,-0.0004,3.4100000000000012e-06,0.0025,46,0,50,3.6
1592,0.0,3.4199999999999994e-06,0.0025,46,0,50,3.6
1593,0.0004,3.430000000000001e-06,0.0025,46,0,50,3.6
1594,0.0008,3.4399999999999993e-06,0.0025,46,0,50,3.6
1595,0.0012000000000000001,3.450000000000001e-06,0.0025,46,0,50,3.6
1596,0.002,3.459999999999999e-06,0.0025,46,0,50,3.6
1597,0.0008,3.4700000000000007e-06,0.0025,46,0,50,3.6
1598,0.0008,3.479999999999999e-06,0.0025,46,0,50,3.6
1599,0.0,3.4900000000000005e-06,0.0025,46,0,50,3.6
1600,0.0,3.4999999999999987e-06,0.0025,46,0,50,3.6
1601,0.0004,3.5100000000000003e-06,0.0025,46,0,50,3.6
1602,0.0,3.5199999999999985e-06,0.0025,46,0,50,3.6
1603,0.0004,3.53e-06,0.0025,46,0,50,3.6
1604,0.0012000000000000001,3.5399999999999983e-06,0.0025,46,0,50,3.6
1605,0.0012000000000000001,3.55e-06,0.0025,46,0,50,3.6
1606,0.0012000000000000001,3.559999999999998e-06,0.0025,46,0,50,3.6
1607,-0.0008,3.5699999999999997e-06,0.0025,46,0,50,3.6
1608,0.0,3.5800000000000013e-06,0.0025,46,0,50,3.6
1609,0.0,3.5899999999999995e-06,0.0025,46,0,50,3.6
1610,-0.0004,3.600000000000001e-06,0.0025,46,0,50,3.6
1611,0.0016,3.6099999999999993e-06,0.0025,46,0,50,3.6
1612,0.0008,3.620000000000001e-06,0.0025,46,0,50,3.6
1613,0.0008,3.629999999999999e-06,0.0025,46,0,50,3.6
1614,0.0008,3.6400000000000007e-06,0.0025,46,0,50,3.6
1615,0.0004,3.649999999999999e-06,0.0025,46,0,50,3.6
1616,0.0008,3.6600000000000005e-06,0.0025,46,0,50,3.6
1617,0.0008,3.6699999999999987e-06,0.0025,46,0,50,3.6
1618,0.0016,3.6800000000000003e-06,0.0025,46,0,50,3.6
1619,0.0004,3.6899999999999986e-06,0.0025,46,0,50,3.6
1620,0.0008,3.7e-06,0.0025,46,0,50,3.6
1621,0.0008,3.7099999999999984e-06,0.0025,46,0,50,3.6
1622,0.0008,3.72e-06,0.0025,46,0,50,3.6
1623,0.0,3.729999999999998e-06,0.0025,46,0,50,3.6
1624,-0.0004,3.7399999999999998e-06,0.0025,46,0,50,3.6
1625,0.0004,3.7500000000000014e-06,0.0025,46,0,50,3.6
1626,0.0016,3.7599999999999996e-06,0.0025,46,0,50,3.6
1627,0.0008,3.770000000000001e-06,0.0025,46,0,50,3.6
1628,0.0004,3.7799999999999994e-06,0.0025,46,0,50,3.6
1629,0.0004,3.790000000000001e-06,0.0025,46,0,50,3.6
1630,0.0,3.799999999999999e-06,0.0025,46,0,50,3.6
1631,0.0,3.810000000000001e-06,0.0025,46,0,50,3.6
1632,0.0,3.819999999999999e-06,0.0025,46,0,50,3.6
1633,0.0,3.830000000000001e-06,0.0025,46,0,50,3.6
1634,0.0004,3.839999999999999e-06,0.0025,46,0,50,3.6
1635,0.0016,3.85e-06,0.0025,46,0,50,3.6
1636,0.0012000000000000001,3.859999999999999e-06,0.0025,46,0,50,3.6
1637,0.0016,3.87e-06,0.0025,46,0,50,3.6
1638,0.0004,3.8799999999999984e-06,0.0025,46,0,50,3.6
1639,0.0012000000000000001,3.89e-06,0.0025,46,0,50,3.6
1640,-0.0004,3.899999999999998e-06,0.0025,46,0,50,3.6
1641,-0.0008,3.91e-06,0.0025,46,0,50,3.6
1642,0.0,3.9200000000000014e-06,0.0025,46,0,50,3.6
1643,-0.0004,3.93e-06,0.0025,46,0,50,3.6
1644,0.0008,3.940000000000001e-06,0.0025,46,0,50,3.6
1645,0.0008,3.9499999999999995e-06,0.0025,46,0,50,3.6
1646,0.0004,3.960000000000001e-06,0.0025,46,0,50,3.6
1647,0.0004,3.969999999999999e-06,0.0025,46,0,50,3.6
1648,0.0,3.980000000000001e-06,0.0025,46,0,50,3.6
1649,0.0008,3.989999999999999e-06,0.0025,46,0,50,3.6
1650,-0.0004,4.000000000000001e-06,0.0025,46,0,50,3.6
1651,0.0,4.009999999999999e-06,0.0025,46,0,50,3.6
1652,0.0004,4.0200000000000005e-06,0.0025,46,0,50,3.6
1653,0.0,4.029999999999999e-06,0.0025,46,0,50,3.6
1654,0.0008,4.04e-06,0.0025,46,0,50,3.6
1655,-0.0004,4.0499999999999985e-06,0.0025,46,0,50,3.6
1656,0.0,4.06e-06,0.0025,46,0,50,3.6
1657,0.0,4.069999999999998e-06,0.0025,46,0,50,3.6
1658,0.0004,4.08e-06,0.0025,46,0,50,3.6
1659,0.0004,4.089999999999998e-06,0.0025,46,0,50,3.6
1660,0.0,4.1e-06,0.0025,46,0,50,3.6
1661,0.0,4.110000000000001e-06,0.0025,46,0,50,3.6
1662,0.0008,4.1199999999999995e-06,0.0025,46,0,50,3.6
1663,-0.0008,4.130000000000001e-06,0.0025,46,0,50,3.6
1664,0.0004,4.139999999999999e-06,0.0025,46,0,50,3.6
1665,0.0004,4.150000000000001e-06,0.0025,46,0,50,3.6
1666,0.0,4.159999999999999e-06,0.0025,46,0,50,3.6
1667,0.0012000000000000001,4.170000000000001e-06,0.0025,46,0,50,3.6
1668,0.0008,4.179999999999999e-06,0.0025,46,0,50,3.6
1669,0.0012000000000000001,4.1900000000000005e-06,0.0025,46,0,50,3.6
1670,0.0004,4.199999999999999e-06,0.0025,46,0,50,3.6
1671,0.0,4.21e-06,0.0025,46,0,50,3.6
1672,0.0004,4.2199999999999986e-06,0.0025,46,0,50,3.6
1673,-0.0004,4.23e-06,0.0025,46,0,50,3.6
1674,-0.0004,4.239999999999998e-06,0.0025,46,0,50,3.6
1675,0.0,4.25e-06,0.0025,46,0,50,3.6
1676,0.0,4.259999999999998e-06,0.0025,46,0,50,3.6
1677,0.0008,4.27e-06,0.0025,46,0,50,3.6
1678,0.0004,4.280000000000001e-06,0.0025,46,0,50,3.6
1679,0.0004,4.29e-06,0.0025,46,0,50,3.6
1680,0.0,4.300000000000001e-06,0.0025,46,0,50,3.6
1681,-0.0004,4.309999999999999e-06,0.0025,46,0,50,3.6
1682,0.0,4.320000000000001e-06,0.0025,46,0,50,3.6
1683,0.0004,4.329999999999999e-06,0.0025,46,0,50,3.6
1684,0.0008,4.340000000000001e-06,0.0025,46,0,50,3.6
1685,0.0008,4.349999999999999e-06,0.0025,46,0,50,3.6
1686,0.0008,4.360000000000001e-06,0.0025,46,0,50,3.6
1687,0.002,4.369999999999999e-06,0.0025,46,0,50,3.6
1688,0.0008,4.38e-06,0.0025,46,0,50,3.6
1689,0.0016,4.389999999999999e-06,0.0025,46,0,50,3.6
1690,0.0004,4.4e-06,0.0025,46,0,50,3.6
1691,0.0008,4.4099999999999984e-06,0.0025,46,0,50,3.6
1692,0.0004,4.42e-06,0.0025,46,0,50,3.6
1693,0.0004,4.429999999999998e-06,0.0025,46,0,50,3.6
1694,0.0004,4.44e-06,0.0025,46,0,50,3.6
1695,0.0012000000000000001,4.4500000000000014e-06,0.0025,46,0,50,3.6
1696,0.0,4.46e-06,0.0025,46,0,50,3.6
1697,0.0004,4.470000000000001e-06,0.0025,46,0,50,3.6
1698,0.0,4.4799999999999995e-06,0.0025,46,0,50,3.6
1699,0.0012000000000000001,4.490000000000001e-06,0.0025,46,0,50,3.6
1700,0.0008,4.499999999999999e-06,0.0025,46,0,50,3.6
1701,0.0012000000000000001,4.510000000000001e-06,0.0025,46,0,50,3.6
1702,0.0012000000000000001,4.519999999999999e-06,0.0025,46,0,50,3.6
1703,0.0,4.530000000000001e-06,0.0025,46,0,50,3.6
1704,0.0008,4.539999999999999e-06,0.0025,46,0,50,3.6
1705,0.0004,4.5500000000000005e-06,0.0025,46,0,50,3.6
1706,0.0008,4.559999999999999e-06,0.0025,46,0,50,3.6
1707,0.0004,4.57e-06,0.0025,46,0,50,3.6
1708,0.0004,4.5799999999999985e-06,0.0025,46,0,50,3.6
1709,0.0008,4.59e-06,0.0025,46,0,50,3.6
1710,0.0012000000000000001,4.599999999999998e-06,0.0025,46,0,50,3.6
1711,0.0004,4.61e-06,0.0025,46,0,50,3.6
1712,0.0008,4.619999999999998e-06,0.0025,46,0,50,3.6
1713,0.0,4.63e-06,0.0025,46,0,50,3.6
1714,0.0004,4.640000000000001e-06,0.0025,46,0,50,3.6
1715,0.0004,4.6499999999999995e-06,0.0025,46,0,50,3.6
1716,0.0,4.660000000000001e-06,0.0025,46,0,50,3.6
1717,0.0012000000000000001,4.669999999999999e-06,0.0025,46,0,50,3.6
1718,0.0012000000000000001,4.680000000000001e-06,0.0025,46,0,50,3.6
1719,0.0012000000000000001,4.689999999999999e-06,0.0025,46,0,50,3.6
1720,0.002,4.700000000000001e-06,0.0025,46,0,50,3.6
1721,0.0008,4.709999999999999e-06,0.0025,46,0,50,3.6
1722,0.0,4.7200000000000005e-06,0.0025,46,0,50,3.6
1723,-0.0008,4.729999999999999e-06,0.0025,46,0,50,3.6
1724,-0.0004,4.74e-06,0.0025,46,0,50,3.6
1725,0.0004,4.7499999999999986e-06,0.0025,46,0,50,3.6
1726,0.0008,4.76e-06,0.0025,46,0,50,3.6
1727,0.0008,4.769999999999998e-06,0.0025,46,0,50,3.6
1728,0.0008,4.78e-06,0.0025,46,0,50,3.6
1729,0.0004,4.789999999999998e-06,0.0025,46,0,50,3.6
1730,0.0008,4.8e-06,0.0025,46,0,50,3.6
1731,0.0004,4.810000000000001e-06,0.0025,46,0,50,3.6
1732,-0.0004,4.82e-06,0.0025,46,0,50,3.6
1733,0.0004,4.830000000000001e-06,0.0025,46,0,50,3.6
1734,-0.0004,4.839999999999999e-06,0.0025,46,0,50,3.6
1735,0.0008,4.850000000000001e-06,0.0025,46,0,50,3.6
1736,0.0,4.859999999999999e-06,0.0025,46,0,50,3.6
1737,0.0004,4.870000000000001e-06,0.0025,46,0,50,3.6
1738,0.0008,4.879999999999999e-06,0.0025,46,0,50,3.6
1739,0.0012000000000000001,4.890000000000001e-06,0.0025,46,0,50,3.6
1740,0.0008,4.899999999999999e-06,0.0025,46,0,50,3.6
1741,0.0016,4.9100000000000004e-06,0.0025,46,0,50,3.6
1742,0.0004,4.919999999999999e-06,0.0025,46,0,50,3.6
1743,0.0008,4.93e-06,0.0025,46,0,50,3.6
1744,0.0,4.9399999999999984e-06,0.0025,46,0,50,3.6
1745,0.0004,4.95e-06,0.0025,46,0,50,3.6
1746,0.0,4.959999999999998e-06,0.0025,46,0,50,3.6
1747,0.0,4.97e-06,0.0025,46,0,50,3.6
1748,0.0,4.9800000000000014e-06,0.0025,46,0,50,3.6
1749,0.0,4.99e-06,0.0025,46,0,50,3.6
1750,0.0,5.000000000000001e-06,0.0025,46,0,50,3.6
1751,0.0004,5.0099999999999995e-06,0.0025,46,0,50,3.6
1752,0.0008,5.020000000000001e-06,0.0025,46,0,50,3.6
1753,0.0004,5.029999999999999e-06,0.0025,46,0,50,3.6
1754,-0.0004,5.040000000000001e-06,0.0025,46,0,50,3.6
1755,-0.0016,5.049999999999999e-06,0.0025,46,0,50,3.6
1756,-0.0004,5.060000000000001e-06,0.0025,46,0,50,3.6
1757,-0.0004,5.069999999999999e-06,0.0025,46,0,50,3.6
1758,0.0008,5.0800000000000005e-06,0.0025,46,0,50,3.6
1759,0.0012000000000000001,5.089999999999999e-06,0.0025,46,0,50,3.6
1760,0.0004,5.1e-06,0.0025,46,0,50,3.6
1761,0.0016,5.1099999999999985e-06,0.0025,46,0,50,3.6
1762,0.0,5.12e-06,0.0025,46,0,50,3.6
1763,0.0012000000000000001,5.129999999999998e-06,0.0025,46,0,50,3.6
1764,0.0004,5.14e-06,0.0025,46,0,50,3.6
1765,-0.0008,5.149999999999998e-06,0.0025,46,0,50,3.6
1766,0.0,5.16e-06,0.0025,46,0,50,3.6
1767,0.0,5.170000000000001e-06,0.0025,46,0,50,3.6
1768,0.0012000000000000001,5.1799999999999995e-06,0.0025,46,0,50,3.6
1769,0.0004,5.190000000000001e-06,0.0025,46,0,50,3.6
1770,0.0012000000000000001,5.199999999999999e-06,0.0025,46,0,50,3.6
1771,0.0008,5.210000000000001e-06,0.0025,46,0,50,3.6
1772,0.0008,5.219999999999999e-06,0.0025,46,0,50,3.6
1773,0.0,5.230000000000001e-06,0.0025,46,0,50,3.6
1774,-0.0004,5.239999999999999e-06,0.0025,46,0,50,3.6
1775,-0.0004,5.2500000000000006e-06,0.0025,46,0,50,3.6
1776,0.0,5.259999999999999e-06,0.0025,46,0,50,3.6
1777,0.0012000000000000001,5.27e-06,0.0025,46,0,50,3.6
1778,0.0008,5.2799999999999986e-06,0.0025,46,0,50,3.6
1779,0.0012000000000000001,5.29e-06,0.0025,46,0,50,3.6
1780,0.0004,5.299999999999998e-06,0.0025,46,0,50,3.6
1781,0.0012000000000000001,5.31e-06,0.0025,46,0,50,3.6
1782,0.0008,5.319999999999998e-06,0.0025,46,0,50,3.6
1783,0.0008,5.33e-06,0.0025,46,0,50,3.6
1784,0.0008,5.340000000000001e-06,0.0025,46,0,50,3.6
1785,0.0004,5.35e-06,0.0025,46,0,50,3.6
1786,0.0004,5.360000000000001e-06,0.0025,46,0,50,3.6
1787,0.0,5.369999999999999e-06,0.0025,46,0,50,3.6
1788,0.0004,5.380000000000001e-06,0.0025,46,0,50,3.6
1789,0.0008,5.389999999999999e-06,0.0025,46,0,50,3.6
1790,0.0008,5.400000000000001e-06,0.0025,46,0,50,3.6
1791,0.0004,5.409999999999999e-06,0.0025,46,0,50,3.6
1792,0.0012000000000000001,5.420000000000001e-06,0.0025,46,0,50,3.6
1793,0.0004,5.429999999999999e-06,0.0025,46,0,50,3.6
1794,0.0004,5.4400000000000004e-06,0.0025,46,0,50,3.6
1795,-0.0004,5.449999999999999e-06,0.0025,46,0,50,3.6
1796,0.0004,5.46e-06,0.0025,46,0,50,3.6
1797,0.0004,5.4699999999999985e-06,0.0025,46,0,50,3.6
1798,-0.0004,5.48e-06,0.0025,46,0,50,3.6
1799,0.0004,5.489999999999998e-06,0.0025,46,0,50,3.6
1800,0.0008,5.5e-06,0.0025,46,0,50,3.6
1801,0.0016,5.5100000000000015e-06,0.0025,46,0,50,3.6
1802,0.0016,5.52e-06,0.0025,46,0,50,3.6
1803,0.0012000000000000001,5.530000000000001e-06,0.0025,46,0,50,3.6
1804,0.0012000000000000001,5.5399999999999995e-06,0.0025,46,0,50,3.6
1805,0.0,5.550000000000001e-06,0.0025,46,0,50,3.6
1806,0.0008,5.559999999999999e-06,0.0025,46,0,50,3.6
1807,0.0004,5.570000000000001e-06,0.0025,46,0,50,3.6
1808,0.0012000000000000001,5.579999999999999e-06,0.0025,46,0,50,3.6
1809,0.0016,5.590000000000001e-06,0.0025,46,0,50,3.6
1810,0.002,5.599999999999999e-06,0.0025,46,0,50,3.6
1811,0.002,5.6100000000000005e-06,0.0025,46,0,50,3.6
1812,0.0016,5.619999999999999e-06,0.0025,46,0,50,3.6
1813,0.0004,5.63e-06,0.0025,46,0,50,3.6
1814,0.0016,5.6399999999999985e-06,0.0025,46,0,50,3.6
1815,0.0,5.65e-06,0.0025,46,0,50,3.6
1816,-0.0004,5.659999999999998e-06,0.0025,46,0,50,3.6
1817,0.0008,5.67e-06,0.0025,46,0,50,3.6
1818,0.0008,5.679999999999998e-06,0.0025,46,0,50,3.6
1819,0.0008,5.69e-06,0.0025,46,0,50,3.6
1820,0.0004,5.700000000000001e-06,0.0025,46,0,50,3.6
1821,0.0,5.7099999999999995e-06,0.0025,46,0,50,3.6
1822,-0.0008,5.720000000000001e-06,0.0025,46,0,50,3.6
1823,-0.0004,5.729999999999999e-06,0.0025,46,0,50,3.6
1824,-0.0008,5.740000000000001e-06,0.0025,46,0,50,3.6
1825,0.0004,5.749999999999999e-06,0.0025,46,0,50,3.6
1826,0.0004,5.760000000000001e-06,0.0025,46,0,50,3.6
1827,0.0,5.769999999999999e-06,0.0025,46,0,50,3.6
1828,0.0008,5.7800000000000006e-06,0.0025,46,0,50,3.6
1829,0.0008,5.789999999999999e-06,0.0025,46,0,50,3.6
1830,0.0016,5.8e-06,0.0025,46,0,50,3.6
1831,0.0,5.809999999999999e-06,0.0025,46,0,50,3.6
1832,0.002,5.82e-06,0.0025,46,0,50,3.6
1833,0.0004,5.829999999999998e-06,0.0025,46,0,50,3.6
1834,0.0012000000000000001,5.84e-06,0.0025,46,0,50,3.6
1835,0.0008,5.849999999999998e-06,0.0025,46,0,50,3.6
1836,0.0004,5.86e-06,0.0025,46,0,50,3.6
1837,0.0004,5.870000000000001e-06,0.0025,46,0,50,3.6
1838,-0.0004,5.88e-06,0.0025,46,0,50,3.6
1839,-0.0008,5.890000000000001e-06,0.0025,46,0,50,3.6
1840,0.0004,5.899999999999999e-06,0.0025,46,0,50,3.6
1841,0.0004,5.910000000000001e-06,0.0025,46,0,50,3.6
1842,0.0004,5.919999999999999e-06,0.0025,46,0,50,3.6
1843,0.0012000000000000001,5.930000000000001e-06,0.0025,46,0,50,3.6
1844,0.0008,5.939999999999999e-06,0.0025,46,0,50,3.6
1845,-0.0004,5.950000000000001e-06,0.0025,46,0,50,3.6
1846,0.0008,5.959999999999999e-06,0.0025,46,0,50,3.6
1847,0.0,5.9700000000000004e-06,0.0025,46,0,50,3.6
1848,0.0004,5.979999999999999e-06,0.0025,46,0,50,3.6
1849,-0.0004,5.99e-06,0.0025,46,0,50,3.6
1850,0.0012000000000000001,5.9999999999999985e-06,0.0025,46,0,50,3.6
1851,0.0,6.01e-06,0.0025,46,0,50,3.6
1852,0.002,6.019999999999998e-06,0.0025,46,0,50,3.6
1853,0.0,6.03e-06,0.0025,46,0,50,3.6
1854,0.0004,6.0400000000000015e-06,0.0025,46,0,50,3.6
1855,0.0,6.05e-06,0.0025,46,0,50,3.6
1856,0.0004,6.060000000000001e-06,0.0025,46,0,50,3.6
1857,0.0,6.0699999999999995e-06,0.0025,46,0,50,3.6
1858,0.0,6.080000000000001e-06,0.0025,46,0,50,3.6
1859,0.0004,6.089999999999999e-06,0.0025,46,0,50,3.6
1860,0.0012000000000000001,6.100000000000001e-06,0.0025,46,0,50,3.6
1861,0.0016,6.109999999999999e-06,0.0025,46,0,50,3.6
1862,0.0004,6.120000000000001e-06,0.0025,46,0,50,3.6
1863,0.0012000000000000001,6.129999999999999e-06,0.0025,46,0,50,3.6
1864,-0.0008,6.1400000000000005e-06,0.0025,46,0,50,3.6
1865,0.0,6.149999999999999e-06,0.0025,46,0,50,3.6
1866,-0.0004,6.16e-06,0.0025,46,0,50,3.6
1867,0.0,6.1699999999999985e-06,0.0025,46,0,50,3.6
1868,0.0,6.18e-06,0.0025,46,0,50,3.6
1869,-0.0008,6.189999999999998e-06,0.0025,46,0,50,3.6
1870,0.0004,6.2e-06,0.0025,46,0,50,3.6
1871,0.0,6.209999999999998e-06,0.0025,46,0,50,3.6
1872,0.0004,6.22e-06,0.0025,46,0,50,3.6
1873,-0.0008,6.230000000000001e-06,0.0025,46,0,50,3.6
1874,0.0008,6.2399999999999995e-06,0.0025,46,0,50,3.6
1875,0.0004,6.250000000000001e-06,0.0025,46,0,50,3.6
1876,0.0016,6.259999999999999e-06,0.0025,46,0,50,3.6
1877,0.0,6.270000000000001e-06,0.0025,46,0,50,3.6
1878,0.0,6.279999999999999e-06,0.0025,46,0,50,3.6
1879,-0.0004,6.290000000000001e-06,0.0025,46,0,50,3.6
1880,0.0004,6.299999999999999e-06,0.0025,46,0,50,3.6
1881,0.0012000000000000001,6.3100000000000006e-06,0.0025,46,0,50,3.6
1882,0.0016,6.319999999999999e-06,0.0025,46,0,50,3.6
1883,0.0024000000000000002,6.33e-06,0.0025,46,0,50,3.6
1884,0.0004,6.339999999999999e-06,0.0025,46,0,50,3.6
1885,0.0024000000000000002,6.35e-06,0.0025,46,0,50,3.6
1886,0.0008,6.359999999999998e-06,0.0025,46,0,50,3.6
1887,0.0016,6.37e-06,0.0025,46,0,50,3.6
1888,0.0,6.379999999999998e-06,0.0025,46,0,50,3.6
1889,0.0004,6.39e-06,0.0025,46,0,50,3.6
1890,-0.0004,6.400000000000001e-06,0.0025,46,0,50,3.6
1891,0.0008,6.41e-06,0.0025,46,0,50,3.6
1892,0.0008,6.420000000000001e-06,0.0025,46,0,50,3.6
1893,0.0016,6.429999999999999e-06,0.0025,46,0,50,3.6
1894,0.0016,6.440000000000001e-06,0.0025,46,0,50,3.6
1895,0.0012000000000000001,6.449999999999999e-06,0.0025,46,0,50,3.6
1896,0.0004,6.460000000000001e-06,0.0025,46,0,50,3.6
1897,0.0,6.469999999999999e-06,0.0025,46,0,50,3.6
1898,0.002,6.480000000000001e-06,0.0025,46,0,50,3.6
1899,0.0,6.489999999999999e-06,0.0025,46,0,50,3.6
1900,0.0008,6.5000000000000004e-06,0.0025,46,0,50,3.6
1901,0.0016,6.509999999999999e-06,0.0025,46,0,50,3.6
1902,0.0008,6.52e-06,0.0025,46,0,50,3.6
1903,0.0016,6.5299999999999985e-06,0.0025,46,0,50,3.6
1904,0.0012000000000000001,6.54e-06,0.0025,46,0,50,3.6
1905,0.0012000000000000001,6.549999999999998e-06,0.0025,46,0,50,3.6
1906,0.0016,6.56e-06,0.0025,46,0,50,3.6
1907,0.0012000000000000001,6.5700000000000015e-06,0.0025,46,0,50,3.6
1908,0.0016,6.58e-06,0.0025,46,0,50,3.6
1909,0.0008,6.590000000000001e-06,0.0025,46,0,50,3.6
1910,0.002,6.5999999999999995e-06,0.0025,46,0,50,3.6
1911,0.0008,6.610000000000001e-06,0.0025,46,0,50,3.6
1912,0.0012000000000000001,6.619999999999999e-06,0.0025,46,0,50,3.6
1913,0.0008,6.630000000000001e-06,0.0025,46,0,50,3.6
1914,0.0008,6.639999999999999e-06,0.0025,46,0,50,3.6
1915,0.0008,6.650000000000001e-06,0.0025,46,0,50,3.6
1916,0.0016,6.659999999999999e-06,0.0025,46,0,50,3.6
1917,0.0016,6.6700000000000005e-06,0.0025,46,0,50,3.6
1918,0.0012000000000000001,6.679999999999999e-06,0.0025,46,0,50,3.6
1919,0.0,6.69e-06,0.0025,46,0,50,3.6
1920,-0.0004,6.6999999999999985e-06,0.0025,46,0,50,3.6
1921,-0.0004,6.71e-06,0.0025,46,0,50,3.6
1922,0.0004,6.719999999999998e-06,0.0025,46,0,50,3.6
1923,0.0,6.73e-06,0.0025,46,0,50,3.6
1924,0.0008,6.739999999999998e-06,0.0025,46,0,50,3.6
1925,0.002,6.75e-06,0.0025,46,0,50,3.6
1926,0.0016,6.760000000000001e-06,0.0025,46,0,50,3.6
1927,0.0008,6.7699999999999996e-06,0.0025,46,0,50,3.6
1928,0.0008,6.780000000000001e-06,0.0025,46,0,50,3.6
1929,0.0004,6.789999999999999e-06,0.0025,46,0,50,3.6
1930,-0.0004,6.800000000000001e-06,0.0025,46,0,50,3.6
1931,0.0004,6.809999999999999e-06,0.0025,46,0,50,3.6
1932,0.0004,6.820000000000001e-06,0.0025,46,0,50,3.6
1933,0.0004,6.829999999999999e-06,0.0025,46,0,50,3.6
1934,0.0012000000000000001,6.840000000000001e-06,0.0025,46,0,50,3.6
1935,0.0016,6.849999999999999e-06,0.0025,46,0,50,3.6
1936,0.0008,6.86e-06,0.0025,46,0,50,3.6
1937,0.0004,6.869999999999999e-06,0.0025,46,0,50,3.6
1938,-0.0004,6.88e-06,0.0025,46,0,50,3.6
1939,-0.0004,6.889999999999998e-06,0.0025,46,0,50,3.6
1940,-0.0008,6.9e-06,0.0025,46,0,50,3.6
1941,0.0008,6.909999999999998e-06,0.0025,46,0,50,3.6
1942,0.0004,6.92e-06,0.0025,46,0,50,3.6
1943,0.0012000000000000001,6.930000000000001e-06,0.0025,46,0,50,3.6
1944,0.0004,6.94e-06,0.0025,46,0,50,3.6
1945,0.0004,6.950000000000001e-06,0.0025,46,0,50,3.6
1946,0.0008,6.9599999999999994e-06,0.0025,46,0,50,3.6
1947,0.0004,6.970000000000001e-06,0.0025,46,0,50,3.6
1948,-0.0008,6.979999999999999e-06,0.0025,46,0,50,3.6
1949,-0.0004,6.990000000000001e-06,0.0025,46,0,50,3.6
1950,-0.0004,6.999999999999999e-06,0.0025,46,0,50,3.6
1951,0.0004,7.010000000000001e-06,0.0025,46,0,50,3.6
1952,0.0,7.019999999999999e-06,0.0025,46,0,50,3.6
1953,-0.0004,7.0300000000000005e-06,0.0025,46,0,50,3.6
1954,-0.0004,7.039999999999999e-06,0.0025,46,0,50,3.6
1955,0.0,7.05e-06,0.0025,46,0,50,3.6
1956,0.0004,7.0599999999999985e-06,0.0025,46,0,50,3.6
1957,-0.0004,7.07e-06,0.0025,46,0,50,3.6
1958,0.0,7.079999999999998e-06,0.0025,46,0,50,3.6
1959,0.0008,7.09e-06,0.0025,46,0,50,3.6
1960,0.0,7.1000000000000015e-06,0.0025,46,0,50,3.6
1961,0.0,7.11e-06,0.0025,46,0,50,3.6
1962,0.0,7.120000000000001e-06,0.0025,46,0,50,3.6
1963,0.0,7.1299999999999995e-06,0.0025,46,0,50,3.6
1964,0.0004,7.140000000000001e-06,0.0025,46,0,50,3.6
1965,0.0004,7.149999999999999e-06,0.0025,46,0,50,3.6
1966,0.0008,7.160000000000001e-06,0.0025,46,0,50,3.6
1967,0.0008,7.169999999999999e-06,0.0025,46,0,50,3.6
1968,0.0,7.180000000000001e-06,0.0025,46,0,50,3.6
1969,0.0008,7.189999999999999e-06,0.0025,46,0,50,3.6
1970,0.0004,7.2000000000000005e-06,0.0025,46,0,50,3.6
1971,0.0,7.209999999999999e-06,0.0025,46,0,50,3.6
1972,-0.0004,7.22e-06,0.0025,46,0,50,3.6
1973,0.0004,7.2299999999999985e-06,0.0025,46,0,50,3.6
1974,0.0008,7.24e-06,0.0025,46,0,50,3.6
1975,0.0012000000000000001,7.249999999999998e-06,0.0025,46,0,50,3.6
1976,0.0008,7.26e-06,0.0025,46,0,50,3.6
1977,0.0012000000000000001,7.269999999999998e-06,0.0025,46,0,50,3.6
1978,0.0012000000000000001,7.28e-06,0.0025,46,0,50,3.6
1979,0.0012000000000000001,7.290000000000001e-06,0.0025,46,0,50,3.6
1980,0.0,7.2999999999999996e-06,0.0025,46,0,50,3.6
1981,0.0004,7.310000000000001e-06,0.0025,46,0,50,3.6
1982,0.0008,7.319999999999999e-06,0.0025,46,0,50,3.6
1983,0.0008,7.330000000000001e-06,0.0025,46,0,50,3.6
1984,0.0016,7.339999999999999e-06,0.0025,46,0,50,3.6
1985,0.0012000000000000001,7.350000000000001e-06,0.0025,46,0,50,3.6
1986,0.0012000000000000001,7.359999999999999e-06,0.0025,46,0,50,3.6
1987,0.0008,7.370000000000001e-06,0.0025,46,0,50,3.6
1988,-0.0004,7.379999999999999e-06,0.0025,46,0,50,3.6
1989,0.0004,7.39e-06,0.0025,46,0,50,3.6
1990,-0.0004,7.399999999999999e-06,0.0025,46,0,50,3.6
1991,-0.0004,7.41e-06,0.0025,46,0,50,3.6
1992,0.0004,7.419999999999998e-06,0.0025,46,0,50,3.6
1993,0.0,7.43e-06,0.0025,46,0,50,3.6
1994,0.0,7.439999999999998e-06,0.0025,46,0,50,3.6
1995,0.0,7.45e-06,0.0025,46,0,50,3.6
1996,0.0,7.460000000000001e-06,0.0025,46,0,50,3.6
1997,-0.0004,7.47e-06,0.0025,46,0,50,3.6
1998,0.0008,7.480000000000001e-06,0.0025,46,0,50,3.6
1999,0.0008,7.4899999999999994e-06,0.0025,46,0,50,3.6
2000,0.0012000000000000001,7.500000000000001e-06,0.0025,46,0,50,3.6
2001,0.0012000000000000001,7.509999999999999e-06,0.0025,46,0,50,3.6
2002,0.0004,7.520000000000001e-06,0.0025,46,0,50,3.6
2003,0.0008,7.529999999999999e-06,0.0025,46,0,50,3.6
2004,0.0012000000000000001,7.540000000000001e-06,0.0025,46,0,50,3.6
2005,0.0008,7.549999999999999e-06,0.0025,46,0,50,3.6
2006,0.0016,7.5600000000000005e-06,0.0025,46,0,50,3.6
2007,0.002,7.569999999999999e-06,0.0025,46,0,50,3.6
2008,0.0008,7.58e-06,0.0025,46,0,50,3.6
2009,0.0012000000000000001,7.5899999999999985e-06,0.0025,46,0,50,3.6
2010,0.0004,7.6e-06,0.0025,46,0,50,3.6
2011,0.0008,7.609999999999998e-06,0.0025,46,0,50,3.6
2012,0.0004,7.62e-06,0.0025,46,0,50,3.6
2013,-0.0004,7.630000000000001e-06,0.0025,46,0,50,3.6
2014,0.0012000000000000001,7.64e-06,0.0025,46,0,50,3.6
2015,0.0008,7.650000000000001e-06,0.0025,46,0,50,3.6
2016,0.0016,7.66e-06,0.0025,46,0,50,3.6
2017,0.0016,7.670000000000001e-06,0.0025,46,0,50,3.6
2018,0.0016,7.68e-06,0.0025,46,0,50,3.6
2019,0.0016,7.690000000000001e-06,0.0025,46,0,50,3.6
2020,0.0004,7.699999999999999e-06,0.0025,46,0,50,3.6
2021,0.0004,7.71e-06,0.0025,46,0,50,3.6
2022,-0.0004,7.719999999999999e-06,0.0025,46,0,50,3.6
2023,0.0012000000000000001,7.73e-06,0.0025,46,0,50,3.6
2024,0.0004,7.739999999999999e-06,0.0025,46,0,50,3.6
2025,0.0012000000000000001,7.75e-06,0.0025,46,0,50,3.6
2026,0.0,7.759999999999999e-06,0.0025,46,0,50,3.6
2027,0.0,7.77e-06,0.0025,46,0,50,3.6
2028,0.0008,7.779999999999998e-06,0.0025,46,0,50,3.6
2029,0.0004,7.79e-06,0.0025,46,0,50,3.6
2030,0.0012000000000000001,7.799999999999998e-06,0.0025,46,0,50,3.6
2031,0.0,7.81e-06,0.0025,46,0,50,3.6
2032,0.0008,7.820000000000001e-06,0.0025,46,0,50,3.6
2033,0.0004,7.83e-06,0.0025,46,0,50,3.6
2034,0.0008,7.840000000000001e-06,0.0025,46,0,50,3.6
2035,0.0004,7.85e-06,0.0025,46,0,50,3.6
2036,0.0008,7.860000000000001e-06,0.0025,46,0,50,3.6
2037,0.0008,7.87e-06,0.0025,46,0,50,3.6
2038,0.0,7.88e-06,0.0025,46,0,50,3.6
2039,0.0012000000000000001,7.889999999999999e-06,0.0025,46,0,50,3.6
2040,0.0008,7.9e-06,0.0025,46,0,50,3.6
2041,0.0016,7.909999999999999e-06,0.0025,46,0,50,3.6
2042,0.0,7.92e-06,0.0025,46,0,50,3.6
2043,0.0004,7.929999999999999e-06,0.0025,46,0,50,3.6
2044,-0.0004,7.94e-06,0.0025,46,0,50,3.6
2045,0.0008,7.949999999999998e-06,0.0025,46,0,50,3.6
2046,-0.0008,7.96e-06,0.0025,46,0,50,3.6
2047,0.0008,7.969999999999998e-06,0.0025,46,0,50,3.6
2048,0.0004,7.98e-06,0.0025,46,0,50,3.6
2049,0.0004,7.990000000000001e-06,0.0025,46,0,50,3.6
2050,0.0012000000000000001,8e-06,0.0025,46,0,50,3.6
2051,0.0,8.010000000000001e-06,0.0025,46,0,50,3.6
2052,0.0004,8.02e-06,0.0025,46,0,50,3.6
2053,-0.0008,8.030000000000001e-06,0.0025,46,0,50,3.6
2054,-0.0004,8.04e-06,0.0025,46,0,50,3.6
2055,0.0004,8.050000000000001e-06,0.0025,46,0,50,3.6
2056,0.0,8.059999999999999e-06,0.0025,46,0,50,3.6
2057,0.0004,8.07e-06,0.0025,46,0,50,3.6
2058,0.0008,8.079999999999999e-06,0.0025,46,0,50,3.6
2059,0.0012000000000000001,8.09e-06,0.0025,46,0,50,3.6
2060,0.0,8.099999999999999e-06,0.0025,46,0,50,3.6
2061,0.0008,8.11e-06,0.0025,46,0,50,3.6
2062,-0.0016,8.119999999999998e-06,0.0025,46,0,50,3.6
2063,-0.0008,8.13e-06,0.0025,46,0,50,3.6
2064,-0.0008,8.139999999999998e-06,0.0025,46,0,50,3.6
2065,0.0004,8.15e-06,0.0025,46,0,50,3.6
2066,0.0,8.160000000000001e-06,0.0025,46,0,50,3.6
2067,-0.0008,8.17e-06,0.0025,46,0,50,3.6
2068,0.0004,8.180000000000001e-06,0.0025,46,0,50,3.6
2069,0.0004,8.19e-06,0.0025,46,0,50,3.6
2070,-0.0004,8.200000000000001e-06,0.0025,46,0,50,3.6
2071,-0.0004,8.21e-06,0.0025,46,0,50,3.6
2072,-0.0008,8.220000000000001e-06,0.0025,46,0,50,3.6
2073,0.0004,8.229999999999999e-06,0.0025,46,0,50,3.6
2074,0.0004,8.24e-06,0.0025,46,0,50,3.6
2075,-0.0004,8.249999999999999e-06,0.0025,46,0,50,3.6
2076,0.0012000000000000001,8.26e-06,0.0025,46,0,50,3.6
2077,0.0004,8.269999999999999e-06,0.0025,46,0,50,3.6
2078,0.0004,8.28e-06,0.0025,46,0,50,3.6
2079,0.0,8.289999999999999e-06,0.0025,46,0,50,3.6
2080,0.0004,8.3e-06,0.0025,46,0,50,3.6
2081,0.0008,8.309999999999998e-06,0.0025,46,0,50,3.6
2082,-0.0008,8.32e-06,0.0025,46,0,50,3.6
2083,0.0004,8.329999999999998e-06,0.0025,46,0,50,3.6
2084,0.0,8.34e-06,0.0025,46,0,50,3.6
2085,-0.0008,8.350000000000001e-06,0.0025,46,0,50,3.6
2086,-0.0004,8.36e-06,0.0025,46,0,50,3.6
2087,-0.0004,8.370000000000001e-06,0.0025,46,0,50,3.6
2088,-0.0008,8.38e-06,0.0025,46,0,50,3.6
2089,0.0,8.390000000000001e-06,0.0025,46,0,50,3.6
2090,0.0012000000000000001,8.4e-06,0.0025,46,0,50,3.6
2091,0.0012000000000000001,8.41e-06,0.0025,46,0,50,3.6
2092,0.0004,8.419999999999999e-06,0.0025,46,0,50,3.6
2093,0.0004,8.43e-06,0.0025,46,0,50,3.6
2094,0.0,8.439999999999999e-06,0.0025,46,0,50,3.6
2095,-0.0004,8.45e-06,0.0025,46,0,50,3.6
2096,0.0004,8.459999999999999e-06,0.0025,46,0,50,3.6
2097,0.0008,8.47e-06,0.0025,46,0,50,3.6
2098,0.0012000000000000001,8.479999999999998e-06,0.0025,46,0,50,3.6
2099,0.002,8.49e-06,0.0025,46,0,50,3.6
2100,0.0024000000000000002,8.499999999999998e-06,0.0025,46,0,50,3.6
2101,0.002,8.51e-06,0.0025,46,0,50,3.6
2102,0.0008,8.520000000000001e-06,0.0025,46,0,50,3.6
2103,0.0008,8.53e-06,0.0025,46,0,50,3.6
2104,0.0,8.540000000000001e-06,0.0025,46,0,50,3.6
2105,0.0008,8.55e-06,0.0025,46,0,50,3.6
2106,0.0008,8.560000000000001e-06,0.0025,46,0,50,3.6
2107,0.0008,8.57e-06,0.0025,46,0,50,3.6
2108,0.002,8.580000000000001e-06,0.0025,46,0,50,3.6
2109,0.0008,8.589999999999999e-06,0.0025,46,0,50,3.6
2110,0.0012000000000000001,8.6e-06,0.0025,46,0,50,3.6
2111,0.0012000000000000001,8.609999999999999e-06,0.0025,46,0,50,3.6
2112,0.0008,8.62e-06,0.0025,46,0,50,3.6
2113,0.0012000000000000001,8.629999999999999e-06,0.0025,46,0,50,3.6
2114,0.0012000000000000001,8.64e-06,0.0025,46,0,50,3.6
2115,0.0012000000000000001,8.649999999999998e-06,0.0025,46,0,50,3.6
2116,0.0008,8.66e-06,0.0025,46,0,50,3.6
2117,0.0,8.669999999999998e-06,0.0025,46,0,50,3.6
2118,0.0008,8.68e-06,0.0025,46,0,50,3.6
2119,0.0008,8.690000000000002e-06,0.0025,46,0,50,3.6
2120,0.0008,8.7e-06,0.0025,46,0,50,3.6
2121,0.0016,8.710000000000001e-06,0.0025,46,0,50,3.6
2122,0.0004,8.72e-06,0.0025,46,0,50,3.6
2123,0.0004,8.730000000000001e-06,0.0025,46,0,50,3.6
2124,0.0008,8.74e-06,0.0025,46,0,50,3.6
2125,0.0,8.750000000000001e-06,0.0025,46,0,50,3.6
2126,0.0004,8.759999999999999e-06,0.0025,46,0,50,3.6
2127,0.0008,8.77e-06,0.0025,46,0,50,3.6
2128,0.0004,8.779999999999999e-06,0.0025,46,0,50,3.6
2129,0.0016,8.79e-06,0.0025,46,0,50,3.6
2130,0.0016,8.799999999999999e-06,0.0025,46,0,50,3.6
2131,0.0016,8.81e-06,0.0025,46,0,50,3.6
2132,0.0016,8.819999999999999e-06,0.0025,46,0,50,3.6
2133,0.0008,8.83e-06,0.0025,46,0,50,3.6
2134,0.0012000000000000001,8.839999999999998e-06,0.0025,46,0,50,3.6
2135,0.0012000000000000001,8.85e-06,0.0025,46,0,50,3.6
2136,0.0004,8.859999999999998e-06,0.0025,46,0,50,3.6
2137,0.0008,8.87e-06,0.0025,46,0,50,3.6
2138,0.0,8.880000000000001e-06,0.0025,46,0,50,3.6
2139,0.0012000000000000001,8.89e-06,0.0025,46,0,50,3.6
2140,0.0012000000000000001,8.900000000000001e-06,0.0025,46,0,50,3.6
2141,0.0012000000000000001,8.91e-06,0.0025,46,0,50,3.6
2142,0.0016,8.920000000000001e-06,0.0025,46,0,50,3.6
2143,0.0008,8.93e-06,0.0025,46,0,50,3.6
2144,0.0012000000000000001,8.94e-06,0.0025,46,0,50,3.6
2145,0.0008,8.949999999999999e-06,0.0025,46,0,50,3.6
2146,0.0,8.96e-06,0.0025,46,0,50,3.6
2147,0.0004,8.969999999999999e-06,0.0025,46,0,50,3.6
2148,0.0004,8.98e-06,0.0025,46,0,50,3.6
2149,0.0012000000000000001,8.989999999999999e-06,0.0025,46,0,50,3.6
2150,0.0012000000000000001,9e-06,0.0025,46,0,50,3.6
2151,0.0004,9.009999999999998e-06,0.0025,46,0,50,3.6
2152,0.0008,9.02e-06,0.0025,46,0,50,3.6
2153,0.0,9.029999999999998e-06,0.0025,46,0,50,3.6
2154,0.0004,9.04e-06,0.0025,46,0,50,3.6
2155,0.0,9.050000000000001e-06,0.0025,46,0,50,3.6
2156,0.0,9.06e-06,0.0025,46,0,50,3.6
2157,0.0008,9.070000000000001e-06,0.0025,46,0,50,3.6
2158,0.0,9.08e-06,0.0025,46,0,50,3.6
2159,0.0004,9.090000000000001e-06,0.0025,46,0,50,3.6
2160,0.0008,9.1e-06,0.0025,46,0,50,3.6
2161,0.0004,9.110000000000001e-06,0.0025,46,0,50,3.6
2162,0.0004,9.119999999999999e-06,0.0025,46,0,50,3.6
2163,0.0004,9.13e-06,0.0025,46,0,50,3.6
2164,0.0004,9.139999999999999e-06,0.0025,46,0,50,3.6
2165,0.0008,9.15e-06,0.0025,46,0,50,3.6
2166,0.0,9.159999999999999e-06,0.0025,46,0,50,3.6
2167,0.0008,9.17e-06,0.0025,46,0,50,3.6
2168,0.0004,9.179999999999999e-06,0.0025,46,0,50,3.6
2169,0.0,9.19e-06,0.0025,46,0,50,3.6
2170,0.0,9.199999999999998e-06,0.0025,46,0,50,3.6
2171,0.0004,9.21e-06,0.0025,46,0,50,3.6
2172,0.0016,9.220000000000002e-06,0.0025,46,0,50,3.6
2173,0.002,9.23e-06,0.0025,46,0,50,3.6
2174,0.0012000000000000001,9.240000000000001e-06,0.0025,46,0,50,3.6
2175,0.0012000000000000001,9.25e-06,0.0025,46,0,50,3.6
2176,0.0,9.260000000000001e-06,0.0025,46,0,50,3.6
2177,0.0004,9.27e-06,0.0025,46,0,50,3.6
2178,0.0008,9.280000000000001e-06,0.0025,46,0,50,3.6
2179,0.0008,9.289999999999999e-06,0.0025,46,0,50,3.6
2180,0.0008,9.3e-06,0.0025,46,0,50,3.6
2181,0.0008,9.309999999999999e-06,0.0025,46,0,50,3.6
2182,0.0008,9.32e-06,0.0025,46,0,50,3.6
2183,0.0,9.329999999999999e-06,0.0025,46,0,50,3.6
2184,0.0,9.34e-06,0.0025,46,0,50,3.6
2185,-0.0004,9.349999999999999e-06,0.0025,46,0,50,3.6
2186,-0.0008,9.36e-06,0.0025,46,0,50,3.6
2187,-0.0008,9.369999999999998e-06,0.0025,46,0,50,3.6
2188,-0.0012000000000000001,9.38e-06,0.0025,46,0,50,3.6
2189,0.0,9.389999999999998e-06,0.0025,46,0,50,3.6
2190,0.0004,9.4e-06,0.0025,46,0,50,3.6
2191,0.0,9.410000000000001e-06,0.0025,46,0,50,3.6
2192,0.0008,9.42e-06,0.0025,46,0,50,3.6
2193,0.0008,9.430000000000001e-06,0.0025,46,0,50,3.6
2194,0.0012000000000000001,9.44e-06,0.0025,46,0,50,3.6
2195,0.0,9.450000000000001e-06,0.0025,46,0,50,3.6
2196,0.0004,9.46e-06,0.0025,46,0,50,3.6
2197,0.0008,9.47e-06,0.0025,46,0,50,3.6
2198,0.0016,9.479999999999999e-06,0.0025,46,0,50,3.6
2199,0.0012000000000000001,9.49e-06,0.0025,46,0,50,3.6
2200,0.0012000000000000001,9.499999999999999e-06,0.0025,46,0,50,3.6
2201,0.0004,9.51e-06,0.0025,46,0,50,3.6
2202,0.0004,9.519999999999999e-06,0.0025,46,0,50,3.6
2203,0.0004,9.53e-06,0.0025,46,0,50,3.6
2204,0.0004,9.539999999999998e-06,0.0025,46,0,50,3.6
2205,0.0012000000000000001,9.55e-06,0.0025,46,0,50,3.6
2206,0.0,9.559999999999998e-06,0.0025,46,0,50,3.6
2207,0.0012000000000000001,9.57e-06,0.0025,46,0,50,3.6
2208,0.0004,9.580000000000001e-06,0.0025,46,0,50,3.6
2209,-0.0004,9.59e-06,0.0025,46,0,50,3.6
2210,0.0,9.600000000000001e-06,0.0025,46,0,50,3.6
2211,-0.0004,9.61e-06,0.0025,46,0,50,3.6
2212,0.0008,9.620000000000001e-06,0.0025,46,0,50,3.6
2213,0.0016,9.63e-06,0.0025,46,0,50,3.6
2214,0.0008,9.640000000000001e-06,0.0025,46,0,50,3.6
2215,0.0016,9.649999999999999e-06,0.0025,46,0,50,3.6
2216,0.0016,9.66e-06,0.0025,46,0,50,3.6
2217,0.0008,9.669999999999999e-06,0.0025,46,0,50,3.6
2218,0.0,9.68e-06,0.0025,46,0,50,3.6
2219,0.0004,9.689999999999999e-06,0.0025,46,0,50,3.6
2220,0.0,9.7e-06,0.0025,46,0,50,3.6
2221,0.0008,9.709999999999999e-06,0.0025,46,0,50,3.6
2222,0.0008,9.72e-06,0.0025,46,0,50,3.6
2223,0.0012000000000000001,9.729999999999998e-06,0.0025,46,0,50,3.6
2224,0.0012000000000000001,9.74e-06,0.0025,46,0,50,3.6
2225,0.0012000000000000001,9.750000000000002e-06,0.0025,46,0,50,3.6
2226,0.0008,9.76e-06,0.0025,46,0,50,3.6
2227,0.0008,9.770000000000001e-06,0.0025,46,0,50,3.6
2228,0.0,9.78e-06,0.0025,46,0,50,3.6
2229,0.0008,9.790000000000001e-06,0.0025,46,0,50,3.6
2230,-0.0008,9.8e-06,0.0025,46,0,50,3.6
2231,0.0008,9.810000000000001e-06,0.0025,46,0,50,3.6
2232,0.0012000000000000001,9.82e-06,0.0025,46,0,50,3.6
2233,0.002,9.83e-06,0.0025,46,0,50,3.6
2234,0.0016,9.839999999999999e-06,0.0025,46,0,50,3.6
2235,0.0008,9.85e-06,0.0025,46,0,50,3.6
2236,0.0012000000000000001,9.859999999999999e-06,0.0025,46,0,50,3.6
2237,0.0008,9.87e-06,0.0025,46,0,50,3.6
2238,0.0004,9.879999999999999e-06,0.0025,46,0,50,3.6
2239,0.0004,9.89e-06,0.0025,46,0,50,3.6
2240,0.0004,9.899999999999998e-06,0.0025,46,0,50,3.6
2241,0.0004,9.91e-06,0.0025,46,0,50,3.6
2242,0.0008,9.919999999999998e-06,0.0025,46,0,50,3.6
2243,0.0004,9.93e-06,0.0025,46,0,50,3.6
2244,0.0004,9.940000000000001e-06,0.0025,46,0,50,3.6
2245,0.0004,9.95e-06,0.0025,46,0,50,3.6
2246,0.0004,9.960000000000001e-06,0.0025,46,0,50,3.6
2247,0.0008,9.97e-06,0.0025,46,0,50,3.6
2248,0.0008,9.980000000000001e-06,0.0025,46,0,50,3.6
2249,0.0004,9.99e-06,0.0025,46,0,50,3.6
2250,-0.0008,1e-05,0.0025,46,0,50,3.6
2251,0.0,1.0009999999999999e-05,0.0025,46,0,50,3.6
2252,0.0,1.002e-05,0.0025,46,0,50,3.6
2253,0.0008,1.0029999999999999e-05,0.0025,46,0,50,3.6
2254,0.0008,1.004e-05,0.0025,46,0,50,3.6
2255,0.0004,1.0049999999999999e-05,0.0025,46,0,50,3.6
2256,0.0016,1.006e-05,0.0025,46,0,50,3.6
2257,0.0008,1.0069999999999998e-05,0.0025,46,0,50,3.6
2258,0.0004,1.008e-05,0.0025,46,0,50,3.6
2259,0.0,1.0089999999999998e-05,0.0025,46,0,50,3.6
2260,-0.0012000000000000001,1.01e-05,0.0025,46,0,50,3.6
2261,-0.0012000000000000001,1.0110000000000001e-05,0.0025,46,0,50,3.6
2262,-0.0004,1.012e-05,0.0025,46,0,50,3.6
2263,-0.0004,1.0130000000000001e-05,0.0025,46,0,50,3.6
2264,0.0012000000000000001,1.014e-05,0.0025,46,0,50,3.6
2265,0.0,1.0150000000000001e-05,0.0025,46,0,50,3.6
2266,0.0016,1.016e-05,0.0025,46,0,50,3.6
2267,0.0008,1.0170000000000001e-05,0.0025,46,0,50,3.6
2268,0.0008,1.0179999999999999e-05,0.0025,46,0,50,3.6
2269,0.0008,1.019e-05,0.0025,46,0,50,3.6
2270,-0.0004,1.0199999999999999e-05,0.0025,46,0,50,3.6
2271,0.0012000000000000001,1.021e-05,0.0025,46,0,50,3.6
2272,0.0004,1.0219999999999999e-05,0.0025,46,0,50,3.6
2273,0.0016,1.023e-05,0.0025,46,0,50,3.6
2274,0.0012000000000000001,1.0239999999999999e-05,0.0025,46,0,50,3.6
2275,0.0004,1.025e-05,0.0025,46,0,50,3.6
2276,0.0012000000000000001,1.0259999999999998e-05,0.0025,46,0,50,3.6
2277,0.0004,1.027e-05,0.0025,46,0,50,3.6
2278,0.0,1.0280000000000002e-05,0.0025,46,0,50,3.6
2279,-0.0012000000000000001,1.029e-05,0.0025,46,0,50,3.6
2280,-0.0012000000000000001,1.0300000000000001e-05,0.0025,46,0,50,3.6
2281,-0.0004,1.031e-05,0.0025,46,0,50,3.6
2282,-0.0008,1.0320000000000001e-05,0.0025,46,0,50,3.6
2283,0.0004,1.033e-05,0.0025,46,0,50,3.6
2284,0.0004,1.0340000000000001e-05,0.0025,46,0,50,3.6
2285,0.0,1.035e-05,0.0025,46,0,50,3.6
2286,-0.0004,1.036e-05,0.0025,46,0,50,3.6
2287,-0.0004,1.0369999999999999e-05,0.0025,46,0,50,3.6
2288,0.0004,1.038e-05,0.0025,46,0,50,3.6
2289,0.0008,1.0389999999999999e-05,0.0025,46,0,50,3.6
2290,0.0,1.04e-05,0.0025,46,0,50,3.6
2291,-0.0008,1.0409999999999999e-05,0.0025,46,0,50,3.6
2292,-0.0004,1.042e-05,0.0025,46,0,50,3.6
2293,0.0004,1.0429999999999998e-05,0.0025,46,0,50,3.6
2294,0.0004,1.044e-05,0.0025,46,0,50,3.6
2295,0.0008,1.0449999999999998e-05,0.0025,46,0,50,3.6
2296,0.0008,1.046e-05,0.0025,46,0,50,3.6
2297,0.0008,1.0470000000000001e-05,0.0025,46,0,50,3.6
2298,0.0008,1.048e-05,0.0025,46,0,50,3.6
2299,0.0012000000000000001,1.0490000000000001e-05,0.0025,46,0,50,3.6
2300,0.0,1.05e-05,0.0025,46,0,50,3.6
2301,-0.0004,1.0510000000000001e-05,0.0025,46,0,50,3.6
2302,-0.0008,1.052e-05,0.0025,46,0,50,3.6
2303,-0.0004,1.053e-05,0.0025,46,0,50,3.6
2304,0.0008,1.0539999999999999e-05,0.0025,46,0,50,3.6
2305,0.0012000000000000001,1.055e-05,0.0025,46,0,50,3.6
2306,0.0012000000000000001,1.0559999999999999e-05,0.0025,46,0,50,3.6
2307,0.0,1.057e-05,0.0025,46,0,50,3.6
2308,0.0004,1.0579999999999999e-05,0.0025,46,0,50,3.6
2309,0.0004,1.059e-05,0.0025,46,0,50,3.6
2310,-0.0008,1.0599999999999998e-05,0.0025,46,0,50,3.6
2311,-0.0004,1.061e-05,0.0025,46,0,50,3.6
2312,0.0,1.0619999999999998e-05,0.0025,46,0,50,3.6
2313,0.0008,1.063e-05,0.0025,46,0,50,3.6
2314,0.0012000000000000001,1.0640000000000001e-05,0.0025,46,0,50,3.6
2315,0.002,1.065e-05,0.0025,46,0,50,3.6
2316,0.0016,1.0660000000000001e-05,0.0025,46,0,50,3.6
2317,0.0008,1.067e-05,0.0025,46,0,50,3.6
2318,0.0008,1.0680000000000001e-05,0.0025,46,0,50,3.6
2319,0.0008,1.069e-05,0.0025,46,0,50,3.6
2320,0.0,1.0700000000000001e-05,0.0025,46,0,50,3.6
2321,0.0008,1.0709999999999999e-05,0.0025,46,0,50,3.6
2322,0.0012000000000000001,1.072e-05,0.0025,46,0,50,3.6
2323,0.0012000000000000001,1.0729999999999999e-05,0.0025,46,0,50,3.6
2324,0.0012000000000000001,1.074e-05,0.0025,46,0,50,3.6
2325,0.0012000000000000001,1.0749999999999999e-05,0.0025,46,0,50,3.6
2326,0.0012000000000000001,1.076e-05,0.0025,46,0,50,3.6
2327,0.0016,1.0769999999999999e-05,0.0025,46,0,50,3.6
2328,0.0012000000000000001,1.078e-05,0.0025,46,0,50,3.6
2329,0.0008,1.0789999999999998e-05,0.0025,46,0,50,3.6
2330,0.0004,1.08e-05,0.0025,46,0,50,3.6
2331,0.0008,1.0810000000000002e-05,0.0025,46,0,50,3.6
2332,0.0004,1.082e-05,0.0025,46,0,50,3.6
2333,0.0008,1.0830000000000001e-05,0.0025,46,0,50,3.6
2334,0.0004,1.084e-05,0.0025,46,0,50,3.6
2335,0.0008,1.0850000000000001e-05,0.0025,46,0,50,3.6
2336,0.0012000000000000001,1.086e-05,0.0025,46,0,50,3.6
2337,0.0016,1.0870000000000001e-05,0.0025,46,0,50,3.6
2338,0.0016,1.088e-05,0.0025,46,0,50,3.6
2339,0.0008,1.089e-05,0.0025,46,0,50,3.6
2340,0.0008,1.0899999999999999e-05,0.0025,46,0,50,3.6
2341,0.0008,1.091e-05,0.0025,46,0,50,3.6
2342,0.0012000000000000001,1.0919999999999999e-05,0.0025,46,0,50,3.6
2343,0.0004,1.093e-05,0.0025,46,0,50,3.6
2344,0.0008,1.0939999999999999e-05,0.0025,46,0,50,3.6
2345,0.0008,1.095e-05,0.0025,46,0,50,3.6
2346,0.0012000000000000001,1.0959999999999998e-05,0.0025,46,0,50,3.6
2347,0.0012000000000000001,1.097e-05,0.0025,46,0,50,3.6
2348,0.0004,1.0979999999999998e-05,0.0025,46,0,50,3.6
2349,0.0,1.099e-05,0.0025,46,0,50,3.6
2350,0.0,1.1000000000000001e-05,0.0025,46,0,50,3.6
2351,0.0004,1.101e-05,0.0025,46,0,50,3.6
2352,-0.0004,1.1020000000000001e-05,0.0025,46,0,50,3.6
2353,-0.0004,1.103e-05,0.0025,46,0,50,3.6
2354,0.0,1.1040000000000001e-05,0.0025,46,0,50,3.6
2355,0.0012000000000000001,1.105e-05,0.0025,46,0,50,3.6
2356,0.0004,1.106e-05,0.0025,46,0,50,3.6
2357,0.0004,1.1069999999999999e-05,0.0025,46,0,50,3.6
2358,0.0008,1.108e-05,0.0025,46,0,50,3.6
2359,0.0,1.1089999999999999e-05,0.0025,46,0,50,3.6
2360,0.0,1.11e-05,0.0025,46,0,50,3.6
2361,-0.0004,1.1109999999999999e-05,0.0025,46,0,50,3.6
2362,0.0,1.112e-05,0.0025,46,0,50,3.6
2363,0.0008,1.1129999999999998e-05,0.0025,46,0,50,3.6
2364,0.0,1.114e-05,0.0025,46,0,50,3.6
2365,0.0008,1.1149999999999998e-05,0.0025,46,0,50,3.6
2366,0.0,1.116e-05,0.0025,46,0,50,3.6
2367,0.0012000000000000001,1.1170000000000001e-05,0.0025,46,0,50,3.6
2368,0.0004,1.118e-05,0.0025,46,0,50,3.6
2369,0.0004,1.1190000000000001e-05,0.0025,46,0,50,3.6
2370,0.0008,1.12e-05,0.0025,46,0,50,3.6
2371,0.0012000000000000001,1.1210000000000001e-05,0.0025,46,0,50,3.6
2372,0.0,1.122e-05,0.0025,46,0,50,3.6
2373,0.0008,1.1230000000000001e-05,0.0025,46,0,50,3.6
2374,0.0004,1.1239999999999999e-05,0.0025,46,0,50,3.6
2375,0.0,1.125e-05,0.0025,46,0,50,3.6
2376,0.0004,1.1259999999999999e-05,0.0025,46,0,50,3.6
2377,0.0,1.127e-05,0.0025,46,0,50,3.6
2378,0.0016,1.1279999999999999e-05,0.0025,46,0,50,3.6
2379,0.0008,1.129e-05,0.0025,46,0,50,3.6
2380,0.0008,1.1299999999999999e-05,0.0025,46,0,50,3.6
2381,0.0004,1.131e-05,0.0025,46,0,50,3.6
2382,-0.0004,1.1319999999999998e-05,0.0025,46,0,50,3.6
2383,-0.0004,1.133e-05,0.0025,46,0,50,3.6
2384,-0.0012000000000000001,1.1340000000000002e-05,0.0025,46,0,50,3.6
2385,-0.0004,1.135e-05,0.0025,46,0,50,3.6
2386,-0.0004,1.1360000000000001e-05,0.0025,46,0,50,3.6
2387,0.0008,1.137e-05,0.0025,46,0,50,3.6
2388,0.0008,1.1380000000000001e-05,0.0025,46,0,50,3.6
2389,0.0016,1.139e-05,0.0025,46,0,50,3.6
2390,0.0004,1.1400000000000001e-05,0.0025,46,0,50,3.6
2391,0.0008,1.141e-05,0.0025,46,0,50,3.6
2392,0.0,1.142e-05,0.0025,46,0,50,3.6
2393,0.0008,1.1429999999999999e-05,0.0025,46,0,50,3.6
2394,0.0004,1.144e-05,0.0025,46,0,50,3.6
2395,0.0,1.1449999999999999e-05,0.0025,46,0,50,3.6
2396,0.0008,1.146e-05,0.0025,46,0,50,3.6
2397,0.0008,1.1469999999999999e-05,0.0025,46,0,50,3.6
2398,0.0008,1.148e-05,0.0025,46,0,50,3.6
2399,0.0004,1.1489999999999998e-05,0.0025,46,0,50,3.6
2400,0.0004,1.15e-05,0.0025,46,0,50,3.6
2401,0.0,1.1509999999999998e-05,0.0025,46,0,50,3.6
2402,-0.0004,1.152e-05,0.0025,46,0,50,3.6
2403,0.0004,1.1530000000000001e-05,0.0025,46,0,50,3.6
2404,0.0,1.154e-05,0.0025,46,0,50,3.6
2405,-0.0008,1.1550000000000001e-05,0.0025,46,0,50,3.6
2406,-0.0008,1.156e-05,0.0025,46,0,50,3.6
2407,0.0,1.1570000000000001e-05,0.0025,46,0,50,3.6
2408,0.0004,1.158e-05,0.0025,46,0,50,3.6
2409,0.0,1.159e-05,0.0025,46,0,50,3.6
2410,0.0004,1.1599999999999999e-05,0.0025,46,0,50,3.6
2411,0.0012000000000000001,1.161e-05,0.0025,46,0,50,3.6
2412,0.0008,1.1619999999999999e-05,0.0025,46,0,50,3.6
2413,0.0004,1.163e-05,0.0025,46,0,50,3.6
2414,0.0,1.1639999999999999e-05,0.0025,46,0,50,3.6
2415,0.0004,1.165e-05,0.0025,46,0,50,3.6
2416,-0.0012000000000000001,1.1659999999999998e-05,0.0025,46,0,50,3.6
2417,0.0,1.167e-05,0.0025,46,0,50,3.6
2418,0.0,1.1679999999999998e-05,0.0025,46,0,50,3.6
2419,0.0,1.169e-05,0.0025,46,0,50,3.6
2420,0.0004,1.1700000000000001e-05,0.0025,46,0,50,3.6
2421,0.0004,1.171e-05,0.0025,46,0,50,3.6
2422,0.0,1.1720000000000001e-05,0.0025,46,0,50,3.6
2423,0.0,1.173e-05,0.0025,46,0,50,3.6
2424,0.0004,1.1740000000000001e-05,0.0025,46,0,50,3.6
2425,-0.0008,1.175e-05,0.0025,46,0,50,3.6
2426,-0.0004,1.1760000000000001e-05,0.0025,46,0,50,3.6
2427,-0.0004,1.1769999999999999e-05,0.0025,46,0,50,3.6
2428,0.0012000000000000001,1.178e-05,0.0025,46,0,50,3.6
2429,0.0016,1.1789999999999999e-05,0.0025,46,0,50,3.6
2430,0.0008,1.18e-05,0.0025,46,0,50,3.6
2431,0.0012000000000000001,1.1809999999999999e-05,0.0025,46,0,50,3.6
2432,0.0008,1.182e-05,0.0025,46,0,50,3.6
2433,0.0,1.1829999999999999e-05,0.0025,46,0,50,3.6
2434,-0.0004,1.184e-05,0.0025,46,0,50,3.6
2435,-0.0004,1.1849999999999998e-05,0.0025,46,0,50,3.6
2436,-0.0004,1.186e-05,0.0025,46,0,50,3.6
2437,0.0008,1.1870000000000002e-05,0.0025,46,0,50,3.6
2438,0.0,1.188e-05,0.0025,46,0,50,3.6
2439,0.0008,1.1890000000000001e-05,0.0025,46,0,50,3.6
2440,0.0008,1.19e-05,0.0025,46,0,50,3.6
2441,0.0008,1.1910000000000001e-05,0.0025,46,0,50,3.6
2442,0.0012000000000000001,1.192e-05,0.0025,46,0,50,3.6
2443,0.0004,1.1930000000000001e-05,0.0025,46,0,50,3.6
2444,0.0004,1.194e-05,0.0025,46,0,50,3.6
2445,0.0,1.195e-05,0.0025,46,0,50,3.6
2446,0.0012000000000000001,1.1959999999999999e-05,0.0025,46,0,50,3.6
2447,0.0008,1.197e-05,0.0025,46,0,50,3.6
2448,0.0008,1.1979999999999999e-05,0.0025,46,0,50,3.6
2449,0.0008,1.199e-05,0.0025,46,0,50,3.6
2450,0.0008,1.1999999999999999e-05,0.0025,46,0,50,3.6
2451,0.0008,1.201e-05,0.0025,46,0,50,3.6
2452,0.0004,1.2019999999999998e-05,0.0025,46,0,50,3.6
2453,0.0,1.203e-05,0.0025,46,0,50,3.6
2454,0.0008,1.2039999999999998e-05,0.0025,46,0,50,3.6
2455,0.0004,1.205e-05,0.0025,46,0,50,3.6
2456,0.0008,1.2060000000000001e-05,0.0025,46,0,50,3.6
2457,0.0008,1.207e-05,0.0025,46,0,50,3.6
2458,0.0008,1.2080000000000001e-05,0.0025,46,0,50,3.6
2459,0.0004,1.209e-05,0.0025,46,0,50,3.6
2460,0.0004,1.2100000000000001e-05,0.0025,46,0,50,3.6
2461,0.0008,1.211e-05,0.0025,46,0,50,3.6
2462,0.0012000000000000001,1.2120000000000001e-05,0.0025,46,0,50,3.6
2463,0.0008,1.2129999999999999e-05,0.0025,46,0,50,3.6
2464,0.0012000000000000001,1.214e-05,0.0025,46,0,50,3.6
2465,0.0,1.2149999999999999e-05,0.0025,46,0,50,3.6
2466,-0.0008,1.216e-05,0.0025,46,0,50,3.6
2467,0.0,1.2169999999999999e-05,0.0025,46,0,50,3.6
2468,0.0,1.218e-05,0.0025,46,0,50,3.6
2469,0.0004,1.2189999999999998e-05,0.0025,46,0,50,3.6
2470,0.0008,1.22e-05,0.0025,46,0,50,3.6
2471,0.0008,1.2209999999999998e-05,0.0025,46,0,50,3.6
2472,0.0012000000000000001,1.222e-05,0.0025,46,0,50,3.6
2473,0.0,1.2230000000000001e-05,0.0025,46,0,50,3.6
2474,-0.0004,1.224e-05,0.0025,46,0,50,3.6
2475,-0.0012000000000000001,1.2250000000000001e-05,0.0025,46,0,50,3.6
2476,-0.0012000000000000001,1.226e-05,0.0025,46,0,50,3.6
2477,0.0,1.2270000000000001e-05,0.0025,46,0,50,3.6
2478,0.0,1.228e-05,0.0025,46,0,50,3.6
2479,0.0,1.2290000000000001e-05,0.0025,46,0,50,3.6
2480,0.0004,1.2299999999999999e-05,0.0025,46,0,50,3.6
2481,0.0012000000000000001,1.231e-05,0.0025,46,0,50,3.6
2482,0.0004,1.2319999999999999e-05,0.0025,46,0,50,3.6
2483,-0.0004,1.233e-05,0.0025,46,0,50,3.6
2484,0.0,1.2339999999999999e-05,0.0025,46,0,50,3.6
2485,0.0,1.235e-05,0.0025,46,0,50,3.6
2486,-0.0004,1.2359999999999999e-05,0.0025,46,0,50,3.6
2487,0.0004,1.237e-05,0.0025,46,0,50,3.6
2488,0.0012000000000000001,1.2379999999999998e-05,0.0025,46,0,50,3.6
2489,0.0008,1.239e-05,0.0025,46,0,50,3.6
2490,0.0004,1.2400000000000002e-05,0.0025,46,0,50,3.6
2491,0.0,1.241e-05,0.0025,46,0,50,3.6
2492,0.0008,1.2420000000000001e-05,0.0025,46,0,50,3.6
2493,0.0008,1.243e-05,0.0025,46,0,50,3.6
2494,0.0004,1.2440000000000001e-05,0.0025,46,0,50,3.6
2495,0.0004,1.245e-05,0.0025,46,0,50,3.6
2496,0.0012000000000000001,1.2460000000000001e-05,0.0025,46,0,50,3.6
2497,0.0008,1.247e-05,0.0025,46,0,50,3.6
2498,0.0,1.248e-05,0.0025,46,0,50,3.6
2499,0.0004,1.2489999999999999e-05,0.0025,46,0,50,3.6
